-13164
30566
-33650
27290
-19580
14004
-10576
8462
-7018
6040
-5406
5065
-4884
4797
-4761
4549
-4236
3846
-3461
3159
-2940
2705
-2395
2113
-1971
2069
-2384
2774
-3110
3302
-3298
3083
-2728
2383
-2033
1623
-1245
994
-974
1228
-1697
2291
-2845
3204
-3385
3423
-3284
2913
-2339
1738
-1283
1074
-1109
1332
-1595
1796
-1902
1818
-1601
1323
-1179
1278
-1649
2003
-2127
1994
-1616
1306
-1037
827
-622
433
-271
193
-222
400
-770
1236
-1598
1730
-1713
1585
-1280
754
-64
-541
844
-818
585
-276
-34
249
-368
483
-736
1101
-1281
1084
-608
131
142
-144
6
135
-202
211
-207
114
76
-359
553
-520
297
-71
-21
-95
461
-909
1233
-1278
1157
-1093
1165
-1156
842
-312
-326
842
-1036
1030
-906
626
-168
-292
684
-886
856
-588
144
249
-500
629
-701
755
-776
696
-467
143
236
-579
751
-625
281
155
-562
818
-872
752
-584
477
-372
197
35
-259
435
-586
716
-778
831
-955
1043
-910
493
37
-414
501
-371
158
11
-68
107
-276
669
-1142
1406
-1326
907
-291
-397
892
-1103
903
-577
82
456
-978
1401
-1651
1786
-1885
1981
-1977
1708
-1178
550
-154
140
-422
849
-1343
1772
-1976
1964
-1865
1808
-1870
2081
-2416
2772
-2953
2794
-2381
1930
-1581
1557
-1944
2522
-3075
3476
-3712
3868
-4013
4160
-4303
4425
-4408
4196
-3889
3649
-3522
3585
-3889
4513
-5447
6657
-7915
9013
-10040
11099
-12675
15641
-21076
28850
-34614
30422
-11868
-50589
30895
47140
-14234
-32065
3271
16139
494
-6170
-735
1937
355
-651
-238
358
393
-95
-500
-236
463
598
-312
-912
63
1065
219
-983
-374
720
363
-502
-76
386
-260
-446
471
614
-573
-794
511
935
-398
-982
267
884
-174
-674
154
474
-176
-348
184
288
-168
-258
141
215
-146
-113
193
-29
-301
175
393
-187
-325
106
101
-67
92
62
-89
-5
-82
-249
281
683
-304
-1077
125
1186
147
-894
-296
356
208
134
-1
-422
-156
526
128
-602
108
807
-292
-1068
242
1168
47
-1004
-398
709
573
-450
-525
370
368
-440
-233
531
151
-564
-99
488
-5
-348
226
186
-521
-59
764
-16
-793
-40
642
103
-188
-267
-213
222
616
-33
-759
-159
734
290
-565
-293
343
175
-86
44
-135
-359
212
666
-133
-850
-46
846
165
-723
-183
579
68
-458
173
446
-478
-516
766
642
-1001
-788
1147
974
-1145
-1081
980
1034
-691
-802
346
388
-148
84
202
-506
-476
766
822
-864
-1129
789
1340
-551
-1411
231
1323
65
-1005
-277
519
344
-123
-351
-120
278
149
-183
78
177
-443
-295
752
451
-883
-576
829
532
-734
-396
738
260
-871
-280
992
490
-954
-732
660
865
-374
-706
280
464
-357
-290
468
231
-467
-152
415
14
-336
150
297
-341
-377
322
457
-254
-731
274
2060
-304
-6399
-953
16354
6924
-31257
-20762
43584
39081
-43900
-72904
-48254
-4610
34584
51254
41346
15650
-8657
-19229
-13808
61
12023
15108
8737
-2606
-13047
-18419
-17881
-12797
-5672
1466
7254
11098
12936
12809
11114
8110
4223
-60
-4453
-8471
-11498
-12943
-12407
-9701
-5330
-23
5268
9503
12170
12885
11773
9009
5030
305
-4596
-9004
-12200
-13481
-12597
-9520
-4865
509
5646
9675
12030
12561
11384
8704
4956
423
-4371
-8687
-11957
-13425
-12710
-9702
-5092
279
5450
9620
12275
13022
11858
8903
4652
-248
-5097
-9117
-11756
-12613
-11693
-9050
-5116
-382
4491
8780
11894
13222
12561
9829
5401
-23
-5463
-9933
-12599
-13082
-11572
-8472
-4417
60
4531
8490
11478
12882
12392
9823
5571
276
-5096
-9627
-12550
-13367
-12122
-9014
-4665
253
5048
9066
11886
12941
12188
9496
5189
-16
-5247
-9623
-12299
-12978
-11642
-8758
-4682
-154
4428
8594
11701
13207
12764
10043
5513
-98
-5671
-10116
-12713
-13085
-11525
-8383
-4286
228
4684
8550
11390
12645
12118
9660
5593
486
-4823
-9449
-12564
-13589
-12407
-9217
-4638
519
5466
9455
11948
12613
11509
8753
4850
269
-4408
-8578
-11696
-13153
-12647
-9988
-5559
-41
5486
10021
12744
13255
11664
8442
4290
-275
-4731
-8569
-11435
-12717
-12198
-9710
-5578
-295
5096
9568
12441
13216
11934
8945
4756
-18
-4749
-8853
-11796
-13051
-12413
-9782
-5478
-128
5375
10000
12856
13396
11731
8301
3987
-599
-4797
-8367
-11043
-12402
-12098
-9870
-5831
-664
4695
9328
12436
13692
13138
10687
6333
38
-7544
-14595
-18482
-16503
-8154
3678
12881
13343
3048
-12726
-23256
-18365
4368
34930
55745
51168
18629
-27877
-65005
-818889
-761805
-587170
-325983
-16466
294495
559336
740005
805258
751066
580867
325308
21681
-283329
-542994
-720266
-784021
-730967
-564021
-313757
-16855
281157
534487
706750
767581
713820
548453
301460
9044
-284073
-532712
-701160
-759435
-704559
-539478
-293872
-3607
286987
533258
699705
756578
700997
535843
290709
1186
-288463
-533802
-699419
-755752
-699843
-534643
-289667
-408
288849
533875
699322
755378
699427
534211
289295
183
-288978
-533785
-699007
-755100
-699094
-533877
-289113
-49
289018
533776
698949
754910
698936
533721
288926
-93
-289119
-533860
-698974
-754975
-698905
-533715
-288879
174
289229
534030
699233
755190
699129
533835
288902
-257
-289437
-534329
-699582
-755603
-699470
-534137
-289101
211
289521
534571
699948
755992
699879
534453
289346
-84
-289492
-534689
-700067
-756155
-700073
-534668
-289499
-21
289441
534685
700080
756225
700113
534643
289538
39
-289470
-534606
-699984
-756107
-699971
-534552
-289455
30
289453
534474
699877
755940
699786
534413
289238
-117
-289461
-534496
-699790
-755789
-699643
-534287
-289157
159
289445
534425
699698
755697
699562
534159
289108
-170
-289405
-534354
-699564
-755569
-699409
-534030
-289028
243
289447
534374
699587
755520
699381
533953
288919
-346
-289565
-534476
-699643
-755592
-699365
-533963
-288905
428
289703
534639
699840
755706
699495
533995
288877
-555
-289898
-534865
-700121
-756004
-699662
-534117
-288921
597
289990
535106
700357
756228
699924
534179
288808
-791
-290303
-535450
-700682
-756471
-699893
-533921
-288203
1850
291685
537022
702211
757648
700405
533437
286506
-4845
-295825
-542041
-707490
-762389
-703742
-534455
-284559
10169
304385
553145
719972
774734
714087
541179
286186
-14412
-314596
-568481
-738991
-795109
-733439
-556918
-296429
11001
318507
579005
754706
814375
753833
576611
313402
2081
-309898
-575268
-755500
