53156
-37511
18431
-5728
629
368
-149
-318
774
-1188
1633
-1911
2095
-2099
1939
-1653
1406
-1280
1226
-1298
1336
-1355
1421
-1651
2017
-2381
2606
-2602
2411
-2016
1536
-1156
912
-783
768
-832
1052
-1483
2016
-2494
2828
-2862
2641
-2211
1717
-1199
658
-156
-116
75
212
-619
992
-1243
1290
-1167
951
-700
548
-585
818
-1100
1242
-984
579
-129
-94
142
-98
30
54
-188
388
-666
960
-1266
1470
-1423
1100
-679
272
135
-551
852
-850
485
109
-684
1102
-1325
1385
-1348
1306
-1343
1346
-1156
677
-133
-128
37
253
-553
717
-710
641
-558
446
-313
214
-268
508
-801
946
-869
628
-325
149
-239
591
-1012
1280
-1400
1576
-1997
2443
-2691
2560
-2237
1754
-1293
817
-504
331
-384
637
-1066
1546
-1942
2117
-2039
1825
-1615
1427
-1239
988
-700
470
-348
370
-613
1039
-1489
1803
-1873
1716
-1382
1003
-716
546
-432
318
-173
108
-154
230
-311
452
-602
708
-854
1143
-1555
1839
-1793
1446
-1022
682
-511
484
-467
344
-125
32
-239
749
-1362
1830
-2033
1858
-1344
628
20
-509
869
-962
922
-650
338
-34
-204
508
-924
1358
-1592
1434
-935
306
167
-466
537
-345
38
212
-297
243
-96
-22
11
209
-652
1108
-1381
1320
-904
329
177
-412
309
-43
-213
435
-634
831
-1054
1334
-1689
1942
-1988
1792
-1473
976
-395
-156
599
-705
491
-5
-438
744
-666
434
-1449
6789
-20057
39358
-54071
38549
50878
-22310
-40338
7740
23609
-718
-10326
-802
3493
511
-1090
-237
456
323
-219
-460
-58
527
427
-395
-754
199
1004
88
-1051
-341
868
391
-594
-244
403
-78
-409
370
534
-552
-697
545
870
-462
-974
327
954
-210
-784
170
570
-169
-395
187
307
-173
-268
153
243
-144
-180
163
42
-254
73
367
-151
-345
183
214
-114
10
65
-121
-60
20
-96
191
463
-317
-903
242
1187
14
-1083
-241
640
273
-91
-110
-306
-95
489
172
-546
-34
695
-233
-948
311
1138
-118
-1115
-233
859
510
-562
-573
388
454
-394
-290
493
188
-554
-128
543
59
-425
102
262
-377
-114
659
11
-816
-30
703
101
-431
-247
-9
254
496
-192
-712
-59
776
246
-654
-317
467
258
-217
-74
-29
-197
198
528
-191
-783
45
868
117
-788
-190
647
143
-506
35
446
-332
-465
628
565
-888
-710
1092
877
-1167
-1042
1086
1074
-849
-944
518
614
-220
-154
143
-311
-321
651
645
-840
-985
843
1242
-690
-1387
390
1384
-57
-1137
-169
761
297
-356
-356
-10
321
163
-220
-64
172
-249
-223
615
377
-844
-531
872
577
-783
-476
721
309
-794
-242
941
367
-990
-612
828
841
-515
-790
287
574
-288
-373
433
241
-476
-186
441
92
-364
56
306
-251
-342
330
418
-289
-565
243
1158
-350
-3667
32
10571
3071
-23464
-12830
38475
29927
-45667
-46433
11876
52763
66858
49978
14919
-17968
-33007
-26945
-8786
7873
13686
7488
-4860
-15274
-18536
-14123
-4939
4826
12110
15666
15592
12908
8575
3575
-1397
-5778
-9191
-11371
-12102
-11430
-9110
-5428
-613
4513
9161
12335
13435
12302
9155
4747
-229
-4999
-8976
-11744
-12842
-12173
-9599
-5443
-239
5127
9700
12658
13403
12025
8735
4332
-513
-5015
-8754
-11400
-12531
-11992
-9625
-5608
-493
4882
9539
12656
13490
12196
9060
4647
-375
-5234
-9340
-12014
-12828
-11742
-8855
-4737
29
4747
8785
11604
12732
12046
9513
5507
539
-4673
-9300
-12563
-13694
-12566
-9243
-4504
735
5546
9279
11572
12293
11502
9113
5408
681
-4407
-9004
-12302
-13552
-12608
-9543
-4969
287
5391
9519
12143
12891
11843
9034
4999
181
-4787
-9188
-12209
-13319
-12332
-9139
-4696
440
5283
9088
11638
12439
11704
9375
5591
748
-4549
-9360
-12792
-13924
-12654
-9180
-4353
891
5666
9360
11630
12278
11378
8903
5173
553
-4346
-8763
-12019
-13368
-12626
-9754
-5246
119
5427
9771
12485
13145
11842
8733
4459
-355
-5009
-8874
-11494
-12480
-11803
-9403
-5575
-715
4513
9256
12636
13849
12721
9357
4506
-799
-5703
-9460
-11716
-12335
-11424
-8889
-5164
-583
4340
8891
12188
13476
12536
9452
4907
-283
-5286
-9326
-11926
-12732
-11838
-9229
-5291
-461
4629
9181
12456
13722
12732
9453
4613
-871
-5935
-9710
-11835
-12156
-11010
-8609
-5094
-769
4046
8565
12004
13459
12766
9903
5562
471
-4781
-9718
-13808
-16054
-15300
-10391
-1613
8675
16221
16569
8431
-4515
-14181
-12314
3175
24995
39077
32606
3257
-36631
-65948
-66895
-36044
-9879
302379
568206
749156
813959
758455
585987
327390
20521
-287855
-550512
-729861
-794657
-741334
-573004
-320257
-20131
281264
537678
712385
774763
721532
555601
307131
12835
-282428
-533057
-703134
-762584
-708278
-543130
-297044
-5869
285682
532906
700154
757565
702308
537158
291855
2094
-287940
-533572
-699490
-756021
-700250
-535033
-290030
-656
288753
533913
699388
755558
699578
534356
289428
302
-288946
-533865
-699179
-755231
-699209
-534040
-289162
-118
288924
533754
698991
755003
698990
533769
288969
-18
-289082
-533763
-698893
-754931
-698876
-533685
-288882
134
289145
533921
699068
755051
698968
533728
288875
-233
-289340
-534178
-699382
-755376
-699293
-533966
-288998
255
289507
534469
699775
755808
699708
534332
289221
-140
-289544
-534598
-700008
-756076
-700002
-534610
-289407
11
289490
534668
700120
756229
700109
534707
289511
8
-289500
-534687
-700065
-756150
-700091
-534566
-289505
-19
289457
534488
699958
755999
699903
534509
289384
-45
-289447
-534516
-699837
-755879
-699742
-534314
-289211
161
289444
534478
699755
755725
699588
534177
289163
-159
-289410
-534395
-699646
-755618
-699474
-534090
-289068
195
289426
534346
699572
755529
699366
533986
288979
-290
-289490
-534388
-699582
-755547
-699358
-533955
-288894
380
289605
534513
699698
755636
699376
533926
288910
-516
-289758
-534727
-699963
-755869
-699619
-534032
-288830
584
289936
535004
700195
756123
699832
534207
288933
-674
-290064
-535197
-700457
-756321
-699924
-534137
-288630
1128
290779
535939
701180
756813
699980
533658
287531
-3015
-293234
-538874
-704162
-759306
-701471
-533550
-285390
7275
299617
546787
712719
767406
707718
536780
284613
-12800
-309626
-560782
-729152
-784272
-722850
-547974
-290129
14005
317904
575138
748126
805793
744429
567071
304635
-5326
-315648
-579097
-757429
-819122
-760069
-583866
-321091
