256
248
228
194
150
97
40
-20
-79
-133
-181
-218
-243
-255
-252
-236
-207
-166
-116
-59
0
59
116
166
207
236
252
255
243
217
180
133
78
19
-41
-98
-151
-195
-228
-249
-255
-248
-227
-193
-148
-95
-37
22
81
136
183
220
244
255
252
234
204
162
111
54
-5
-65
-121
-171
-210
-239
-253
-254
-240
-213
-174
-125
-69
-10
50
107
159
202
233
251
255
245
221
184
137
83
23
-36
-95
-148
-193
-227
-248
-255
-248
-227
-193
-147
-94
-35
25
85
139
186
222
246
255
250
231
199
155
102
44
-16
-76
-132
-180
-218
-244
-255
-252
-234
-203
-160
-108
-50
10
71
128
177
216
242
255
252
236
205
163
111
53
-8
-69
-126
-175
-215
-242
-255
-252
-236
-205
-163
-110
-52
9
70
127
177
216
242
255
252
234
203
159
107
47
-14
-75
-132
-181
-219
-244
-255
-251
-231
-198
-153
-99
-39
23
84
140
188
224
247
255
248
226
190
143
87
25
-37
-97
-152
-198
-231
-251
-255
-244
-218
-178
-128
-69
-7
55
115
168
210
239
254
253
236
205
161
107
47
-16
-78
-136
-186
-223
-247
-255
-248
-225
-188
-139
-81
-18
45
106
161
205
237
253
254
238
207
164
109
48
-16
-79
-137
-187
-225
-248
-255
-246
-222
-182
-131
-72
-8
56
117
171
213
242
255
251
231
196
148
90
26
-38
-101
-158
-204
-236
-253
-254
-237
-205
-159
-102
-39
26
90
149
197
232
252
254
240
210
165
109
46
-20
-85
-144
-194
-230
-251
-255
-241
-211
-166
-110
-46
20
86
145
195
231
252
254
240
208
162
104
40
-27
-93
-152
-201
-235
-253
-253
-236
-201
-152
-93
-27
41
106
164
210
241
255
250
228
189
137
74
6
-61
-125
-180
-222
-248
-255
-244
-215
-171
-113
-48
21
88
150
200
235
254
253
233
196
144
82
13
-56
-121
-178
-221
-248
-255
-244
-214
-167
-108
-41
29
97
158
207
240
255
250
226
184
128
62
-8
-79
-143
-196
-234
-253
-253
-233
-194
-140
-75
-4
66
133
188
229
252
254
236
199
146
82
10
-61
-129
-186
-228
-251
-254
-237
-200
-146
-81
-9
63
131
188
229
252
254
234
195
140
73
0
-73
-140
-195
-234
-254
-252
-228
-185
-127
-57
17
90
155
207
242
255
247
217
169
105
33
-42
-113
-175
-222
-249
-255
-238
-200
-144
-76
0
74
143
199
238
255
249
221
173
110
36
-40
-113
-176
-223
-250
-254
-235
-194
-135
-64
12
88
156
210
244
255
243
208
154
85
8
-69
-141
-199
-238
-255
-248
-217
-165
-98
-21
57
131
192
234
254
250
221
170
103
26
-53
-128
-190
-233
-254
-250
-221
-170
-102
-24
56
131
193
236
255
248
217
163
93
13
-67
-141
-201
-241
-255
-244
-208
-150
-76
4
85
157
213
247
255
236
193
129
51
-31
-111
-179
-228
-253
-251
-222
-170
-99
-17
65
142
203
242
255
241
200
137
59
-25
-106
-177
-227
-253
-251
-220
-166
-92
-9
75
152
211
247
255
234
187
118
36
-50
-130
-196
-240
-255
-242
-201
-136
-55
31
114
185
233
255
246
209
147
67
-19
-105
-178
-229
-254
-248
-213
-152
-72
15
102
176
229
254
248
212
150
70
-19
-106
-180
-231
-255
-246
-207
-142
-59
30
117
189
237
255
242
197
127
42
-49
-134
-202
-244
-255
-233
-181
-105
-15
75
157
218
251
251
218
156
74
-18
-108
-184
-235
-255
-241
-195
-122
-33
60
146
212
249
253
222
161
77
-16
-108
-185
-236
-255
-239
-189
-113
-21
73
158
221
253
249
210
141
52
-43
-134
-205
-247
-254
-224
-161
-76
20
114
191
241
255
232
175
92
-3
-99
-181
-236
-255
-237
-183
-102
-6
91
175
233
255
239
187
106
8
-89
-175
-233
-255
-239
-185
-102
-4
94
179
236
255
235
178
92
-7
-106
-188
-241
-255
-228
-165
-76
26
124
202
247
253
217
146
51
-51
-147
-218
-253
-246
-199
-119
-19
84
173
234
256
234
173
83
-21
-121
-202
-248
-252
-212
-137
-37
68
162
228
255
238
179
89
-16
-119
-201
-248
-251
-210
-132
-30
77
171
234
255
231
165
69
-38
-140
-216
-253
-244
-190
-102
5
111
198
247
251
209
127
22
-87
-180
-240
-255
-221
-146
-43
67
166
233
255
229
159
58
-53
-155
-227
-255
-234
-167
-67
45
150
224
255
236
169
69
-44
-149
-224
-255
-235
-167
-66
48
153
227
255
232
160
56
-59
-162
-233
-255
-225
-148
-40
75
176
240
254
214
129
17
-98
-193
-248
-249
-198
-104
11
125
212
254
240
175
71
-47
-156
-231
-255
-224
-143
-30
88
188
246
250
198
101
-17
-133
-218
-255
-234
-160
-49
72
177
242
252
204
109
-10
-128
-217
-255
-234
-158
-45
77
183
245
250
196
95
-27
-144
-227
-255
-223
-137
-18
105
203
252
241
170
58
-67
-177
-244
-251
-195
-92
33
151
232
255
214
120
-4
-127
-219
-255
-227
-142
-20
106
206
254
236
158
39
-90
-196
-251
-242
-169
-52
77
188
249
245
176
60
-70
-183
-248
-246
-179
-63
68
182
248
246
178
61
-71
-185
-249
-244
-173
-54
80
192
251
241
163
41
-93
-201
-253
-234
-149
-22
111
213
255
225
130
-1
-133
-227
-255
-210
-104
31
158
239
251
189
72
-66
-185
