0
0
200
150
101
756
1057
0
804
226
1757
1104
1204
1630
2106
2256
1604
0
451
0
2004
3682
2204
2880
601
3130
1302
4050
4200
2175
5250
3096
799
824
0
1746
5382
1844
4730
971
1990
2040
5220
4272
4368
0
6846
0
5945
8491
2474
5044
6425
7854
6660
6780
8280
4212
0
0
5896
8988
6084
10808
0
9546
9684
11459
0
3366
1706
10374
1751
12418
1797
10914
1842
9320
1886
0
5793
3906
7900
1997
10095
2041
0
0
14742
0
8596
2170
2191
11065
11170
13530
9104
13776
9268
9352
7077
9516
7197
9680
14640
12300
0
17500
5040
10160
10236
15474
10392
0
15822
18592
16050
8082
10852
13660
13755
16614
19516
2806
16944
17058
20027
0
14480
14570
2932
5898
8901
11936
3001
3018
21245
6104
0
3085
12408
9354
21938
3150
3166
0
9594
16070
16145
9732
0
16375
16450
3305
3320
16670
6698
6726
10134
20352
6812
20520
13732
20682
20766
24318
0
21000
21078
7052
3539
10653
3564
25032
7176
0
10836
14496
0
14588
14636
7340
11043
11076
14812
22278
26068
11202
7490
3755
15060
22650
26488
3794
15212
22872
22932
22986
26873
11544
23142
19325
3873
11643
19445
0
7810
15648
0
7854
15736
7882
27636
19770
0
27769
27811
23874
15940
27937
0
28014
24042
20060
20085
16088
4027
16124
8072
20200
8088
8096
4052
8110
12177
12186
8130
28476
0
12222
28532
28553
4081
16332
12255
28609
24528
28630
4091
0
4093
24564
28665
4095
28672
28672
4096
16384
24576
8190
4095
20470
16372
12276
12273
0
0
28609
4085
24498
12243
8158
4076
20370
28497
8136
4065
16248
16236
12165
0
12144
20220
4040
20180
24186
24162
16088
24102
20060
20035
28014
3996
27937
27895
19895
7946
19835
3961
27678
3948
15764
0
23562
7840
7824
3905
11691
23334
27167
11619
7730
19285
19240
23034
11493
0
26684
11409
26558
22704
22650
11295
11265
14980
18670
7448
0
0
3692
7362
0
18295
10941
10908
0
21672
25200
21528
0
3564
21306
10617
24682
17565
3500
20922
13896
3461
20682
3433
13680
3406
23744
16890
3363
3349
20004
19920
13220
23030
22925
6520
9732
9687
22498
22386
15910
6332
6300
18804
18708
6204
6170
9204
12208
15175
18108
9003
2984
20769
5898
8796
0
2896
0
17166
2843
5648
5612
0
19383
2751
8196
0
13470
0
7968
15822
0
15588
7737
12795
10160
0
10000
7440
0
12200
14520
2399
16653
4718
4676
11585
16072
13656
6765
6702
15491
4382
4340
6447
6381
6318
2084
6186
14287
2019
0
1975
7812
7724
11454
9430
9320
9210
5457
3594
0
7004
6916
10236
8415
8300
1637
3228
1591
7835
6176
7605
2996
0
5804
0
8424
6900
0
1332
6545
3855
3783
2474
4852
3567
2330
6846
2234
7644
3204
4176
4080
3980
6797
1892
6454
1794
873
3392
4120
3196
3870
5250
5075
1400
4725
651
626
2404
576
551
1052
1002
476
451
852
802
376
0
1956
301
1656
1757
452
0
1232
906
126
404
0
300
150
0
0
-200
-150
-101
-756
-1057
0
-804
-226
-1757
-1104
-1204
-1630
-2106
-2256
-1604
0
-451
0
-2004
-3682
-2204
-2880
-601
-3130
-1302
-4050
-4200
-2175
-5250
-3096
-799
-824
0
-1746
-5382
-1844
-4730
-971
-1990
-2040
-5220
-4272
-4368
0
-6846
0
-5945
-8491
-2474
-5044
-6425
-7854
-6660
-6780
-8280
-4212
0
0
-5896
-8988
-6084
-10808
0
-9546
-9684
-11459
0
-3366
-1706
-10374
-1751
-12418
-1797
-10914
-1842
-9320
-1886
0
-5793
-3906
-7900
-1997
-10095
-2041
0
0
-14742
0
-8596
-2170
-2191
-11065
-11170
-13530
-9104
-13776
-9268
-9352
-7077
-9516
-7197
-9680
-14640
-12300
0
-17500
-5040
-10160
-10236
-15474
-10392
0
-15822
-18592
-16050
-8082
-10852
-13660
-13755
-16614
-19516
-2806
-16944
-17058
-20027
0
-14480
-14570
-2932
-5898
-8901
-11936
-3001
-3018
-21245
-6104
0
-3085
-12408
-9354
-21938
-3150
-3166
0
-9594
-16070
-16145
-9732
0
-16375
-16450
-3305
-3320
-16670
-6698
-6726
-10134
-20352
-6812
-20520
-13732
-20682
-20766
-24318
0
-21000
-21078
-7052
-3539
-10653
-3564
-25032
-7176
0
-10836
-14496
0
-14588
-14636
-7340
-11043
-11076
-14812
-22278
-26068
-11202
-7490
-3755
-15060
-22650
-26488
-3794
-15212
-22872
-22932
-22986
-26873
-11544
-23142
-19325
-3873
-11643
-19445
0
-7810
-15648
0
-7854
-15736
-7882
-27636
-19770
0
-27769
-27811
-23874
-15940
-27937
0
-28014
-24042
-20060
-20085
-16088
-4027
-16124
-8072
-20200
-8088
-8096
-4052
-8110
-12177
-12186
-8130
-28476
0
-12222
-28532
-28553
-4081
-16332
-12255
-28609
-24528
-28630
-4091
0
-4093
-24564
-28665
-4095
-28672
-28672
-4096
-16384
-24576
-8190
-4095
-20470
-16372
-12276
-12273
0
0
-28609
-4085
-24498
-12243
-8158
-4076
-20370
-28497
-8136
-4065
-16248
-16236
-12165
0
-12144
-20220
-4040
-20180
-24186
-24162
-16088
-24102
-20060
-20035
-28014
-3996
-27937
-27895
-19895
-7946
-19835
-3961
-27678
-3948
-15764
0
-23562
-7840
-7824
-3905
-11691
-23334
-27167
-11619
-7730
-19285
-19240
-23034
-11493
0
-26684
-11409
-26558
-22704
-22650
-11295
-11265
-14980
-18670
-7448
0
0
-3692
-7362
0
-18295
-10941
-10908
0
-21672
-25200
-21528
0
-3564
-21306
-10617
-24682
-17565
-3500
-20922
-13896
-3461
-20682
-3433
-13680
-3406
-23744
-16890
-3363
-3349
-20004
-19920
-13220
-23030
-22925
-6520
-9732
-9687
-22498
-22386
-15910
-6332
-6300
-18804
-18708
-6204
-6170
-9204
-12208
-15175
-18108
-9003
-2984
-20769
-5898
-8796
0
-2896
0
-17166
-2843
-5648
-5612
0
-19383
-2751
-8196
0
-13470
0
-7968
-15822
0
-15588
-7737
-12795
-10160
0
-10000
-7440
0
-12200
-14520
-2399
-16653
-4718
-4676
-11585
-16072
-13656
-6765
-6702
-15491
-4382
-4340
-6447
-6381
-6318
-2084
-6186
-14287
-2019
0
-1975
-7812
-7724
-11454
-9430
-9320
-9210
-5457
-3594
0
-7004
-6916
-10236
-8415
-8300
-1637
-3228
-1591
-7835
-6176
-7605
-2996
0
-5804
0
-8424
-6900
0
-1332
-6545
-3855
-3783
-2474
-4852
-3567
-2330
-6846
-2234
-7644
-3204
-4176
-4080
-3980
-6797
-1892
-6454
-1794
-873
-3392
-4120
-3196
-3870
-5250
-5075
-1400
-4725
-651
-626
-2404
-576
-551
-1052
-1002
-476
-451
-852
-802
-376
0
-1956
-301
-1656
-1757
-452
0
-1232
-906
-126
-404
0
-300
-150