16390
5
16384
8197
4097
24566
28656
1
16366
4095
28620
16350
16347
20419
24491
24481
16309
4
4073
5
16266
28437
16243
20275
4055
20247
8091
24243
24218
12093
28194
16089
4017
4015
4
8011
23980
7982
19927
3979
7949
7941
19812
15817
15794
7
23610
4
19606
27389
7817
15595
19445
23286
19370
19330
23145
11548
0
6
15290
22879
15218
26562
0
22651
22590
26286
7
7468
3730
22284
3710
25844
3687
22021
3659
18236
3640
6
10842
7202
14357
3578
17824
3554
1
3
24596
6
13953
3475
3465
17241
17171
20522
13626
20357
13514
13455
10053
13343
9964
13221
19740
16380
1
22713
6464
12861
12799
19093
12671
0
18807
21830
18619
9260
12275
15260
15177
18114
21013
2984
17808
17701
20529
0
14483
14395
2861
5688
8474
11225
2791
2776
19257
5466
6
2701
10706
7968
18459
2625
2602
0
7683
12705
12600
7506
5
12303
12207
2421
2402
11899
4722
4676
6951
13776
4556
13534
8942
13285
13147
15193
7
12765
12638
4170
2068
6128
2019
13984
3956
5
5795
7643
4
7460
7368
3642
5397
5327
7005
10378
11949
5049
3323
1643
6457
9551
10972
1550
6088
8994
8846
8710
9994
4213
8281
6781
1339
3929
6427
3
2476
4857
3
2335
4565
2237
7645
5344
2
7140
6967
5832
3790
6456
4
6113
5091
4122
3998
3096
750
2902
1401
3380
1305
1252
604
1154
1659
1585
1008
3333
3
1278
2813
2635
355
1311
906
1937
1509
1585
202
1
156
756
707
78
352
177
1
-97
-300
-143
-101
-626
-600
-528
-602
3
3
-1926
-295
-1949
-1053
-751
-401
-2127
-3156
-950
-499
-2100
-2199
-1721
3
-1872
-3254
-672
-3496
-4343
-4500
-3096
-4787
-4115
-4234
-6105
-890
-6451
-6619
-4853
-1987
-5100
-1037
-7474
-1091
-4466
7
-6985
-2376
-2424
-1234
-3776
-7708
-9161
-3990
-2707
-6900
-7020
-8561
-4351
0
-10483
-4560
-10804
-9395
-9546
-4842
-4905
-6636
-8412
-3412
5
2
-1770
-3594
7
-9203
-5588
-5653
6
-11579
-13671
-11850
1
-2015
-12242
-6184
-14587
-10525
-2124
-12890
-8675
-2184
-13277
-2231
-9017
-2273
-16069
-11578
-2338
-2359
-14267
-14387
-9674
-17080
-17217
-4958
-7493
-7553
-17780
-17910
-12888
-5195
-5235
-15821
-15931
-5348
-5388
-8138
-10922
-13749
-16613
-8361
-2804
-19764
-5681
-8583
3
-2895
7
-17590
-2947
-5934
-5963
3
-21124
-3030
-9149
7
-15419
1
-9348
-18801
1
-18993
-9546
-15983
-12849
5
-12975
-9775
0
-16443
-19825
-3320
-23338
-6698
-6722
-16884
-23738
-20429
-10256
-10297
-24129
-6921
-6943
-10458
-10499
-10535
-3522
-10611
-24854
-3557
6
-3584
-14396
-14443
-21739
-18179
-18232
-18291
-11003
-7361
6
-14810
-14848
-22344
-18666
-18725
-3753
-7525
-3775
-18915
-15169
-19012
-7618
6
-15321
4
-23083
-19284
3
-3873
-19401
-11667
-11687
-7809
-15644
-11757
-7849
-23599
-7877
-27633
-11860
-15840
-15862
-15885
-27848
-7966
-27933
-7991
-4001
-16024
-20056
-16063
-20110
-28189
-28213
-8069
-28277
-4044
-4045
-16208
-4048
-4054
-8121
-8130
-4062
-4064
-8142
-8145
-4078
2
-24492
-4082
-24515
-28614
-8178
5
-28640
-24554
-4094
-16380
1
-24569
-24571
-16378
5
-16384
-8183
-4093
-24562
-28646
1
-16362
-4085
-28612
-16346
-16333
-20411
-24481
-24467
-16299
4
-4069
5
-16254
-28431
-16229
-20275
-4049
-20233
-8085
-24237
-24214
-12093
-28184
-16087
-4017
-4009
4
-7997
-23972
-7982
-19923
-3979
-7943
-7927
-19798
-15815
-15790
7
-23598
4
-19594
-27379
-7803
-15581
-19445
-23286
-19360
-19320
-23139
-11540
0
6
-15286
-22865
-15206
-26554
0
-22649
-22590
-26284
7
-7468
-3718
-22272
-3696
-25844
-3675
-22019
-3659
-18234
-3632
6
-10830
-7198
-14347
-3574
-17816
-3548
1
3
-24586
6
-13943
-3473
-3457
-17229
-17159
-20518
-13622
-20347
-13510
-13449
-10041
-13329
-9956
-13219
-19740
-16370
1
-22703
-6452
-12851
-12785
-19091
-12657
0
-18801
-21822
-18605
-9250
-12269
-15260
-15173
-18102
-21001
-2984
-17796
-17687
-20519
0
-14477
-14385
-2861
-5684
-8470
-11223
-2785
-2762
-19257
-5462
6
-2687
-10694
-7968
-18459
-2611
-2594
0
-7671
-12695
-12600
-7494
5
-12297
-12193
-2419
-2396
-11891
-4714
-4676
-6951
-13776
-4548
-13526
-8930
-13271
-13145
-15187
7
-12759
-12634
-4166
-2056
-6118
-2019
-13974
-3944
5
-5791
-7629
4
-7452
-7368
-3634
-5385
-5317
-7003
-10370
-11935
-5049
-3317
-1631
-6455
-9541
-10966
-1538
-6080
-8982
-8842
-8702
-9984
-4211
-8279
-6779
-1325
-3925
-6423
3
-2472
-4847
3
-2325
-4563
-2231
-7643
-5336
2
-7140
-6963
-5820
-3778
-6452
4
-6109
-5085
-4118
-3992
-3096
-750
-2898
-1399
-3370
-1299
-1252
-598
-1150
-1647
-1571
-996
-3331
3
-1278
-2801
-2629
-347
-1297
-900
-1927
-1503
-1579
-200
1
-146
-756
-707
-72
-348
-173
1
103
300
157
101
634
608
528
604
3
3
1938
307
1963
1053
753
401
2133
3158
954
503
2108
2209
1735
3
1884
3256
678
3504
4357
4500
3096
4801
4125
4246
6117
904
6457
6625
4857
1993
5100
1051
7478
1093
4470
7
6995
2380
2428
1240
3790
7712
9165
4002
2717
6900
7020
8563
4355
0
10489
4566
10812
9409
9546
4842
4917
6644
8418
3412
5
2
1778
3594
7
9217
5596
5663
6
11593
13671
11850
1
2023
12250
6188
14589
10535
2130
12898
8685
2198
13279
2237
9023
2279
16075
11592
2338
2359
14281
14401
9686
17080
17223
4962
7507
7567
17780
17916
12902
5197
5237
15823
15941
5352
5388
8140
10934
13761
16615
8367
2808
19772
5691
8583
3
2897
7
17594
2951
5934
5973
3
21128
3040
9163
7
15431
1
9360
18807
1
18999
9546
15997
12863
5
12977
9785
0
16457
19835
3320
23338
6698
6730
16896
23750
20443
10264
10301
24129
6923
6953
10464
10501
10543
3530
10623
24860
3571
6
3592
14404
14453
21749
18181
18238
18299
11017
7363
6
14814
14856
22344
18674
18725
3757
7535
3775
18925
15183
19018
7630
6
15327
4
23093
19286
3
3873
19409
11667
11695
7811
15652
11763
7859
23609
7887
27639
11864
15848
15874
15899
27858
7974
27941
7993
4003
16032
20064
16073
20110
28189
28221
8075
28283
4044
4051
16208
4062
4064
8127
8130
4074
4078
8154
8159
4080
2
24504
4088
24529
28618
8182
5
28648
24562
4094
16380
1
24583
24581