0
232
442
611
723
767
740
644
487
285
56
-177
-395
-575
-702
-763
-753
-673
-530
-337
-113
122
345
536
677
755
762
698
569
387
168
-66
-294
-494
-649
-743
-767
-720
-605
-434
-223
9
241
450
617
726
768
738
639
480
276
47
-187
-403
-582
-706
-764
-751
-668
-523
-328
-103
131
354
543
682
757
761
694
563
379
159
-75
-303
-502
-654
-745
-767
-717
-600
-427
-214
19
250
457
622
729
768
735
633
472
268
38
-196
-411
-588
-710
-765
-749
-664
-516
-320
-94
141
362
550
686
758
760
690
556
370
150
-85
-311
-509
-659
-747
-766
-713
-594
-419
-205
28
259
465
628
732
768
732
628
465
259
28
-205
-419
-594
-713
-766
-747
-659
-509
-311
-85
150
370
556
690
760
758
686
550
362
141
-94
-320
-516
-664
-749
-765
-710
-588
-411
-196
38
268
472
633
735
768
729
622
457
250
19
-214
-427
-600
-717
-767
-745
-654
-502
-303
-75
159
379
563
694
761
757
682
543
354
131
-103
-328
-523
-668
-751
-764
-706
-582
-403
-187
47
276
480
639
738
768
726
617
450
241
9
-223
-434
-605
-720
-767
-743
-649
-494
-294
-66
168
387
569
698
762
755
677
536
345
122
-113
-337
-530
-673
-753
-763
-702
-575
-395
-177
56
285
487
644
740
767
723
611
442
232
0
-232
-442
-611
-723
-767
-740
-644
-487
-285
-56
177
395
575
702
763
753
673
530
337
113
-122
-345
-536
-677
-755
-762
-698
-569
-387
-168
66
294
494
649
743
767
720
605
434
223
-9
-241
-450
-617
-726
-768
-738
-639
-480
-276
-47
187
403
582
706
764
751
668
523
328
103
-131
-354
-543
-682
-757
-761
-694
-563
-379
-159
75
303
502
654
745
767
717
600
427
214
-19
-250
-457
-622
-729
-768
-735
-633
-472
-268
-38
196
411
588
710
765
749
664
516
320
94
-141
-362
-550
-686
-758
-760
-690
-556
-370
-150
85
311
509
659
747
766
713
594
419
205
-28
-259
-465
-628
-732
-768
-732
-628
-465
-259
-28
205
419
594
713
766
747
659
509
311
85
-150
-370
-556
-690
-760
-758
-686
-550
-362
-141
94
320
516
664
749
765
710
588
411
196
-38
-268
-472
-633
-735
-768
-729
-622
-457
-250
-19
214
427
600
717
767
745
654
502
303
75
-159
-379
-563
-694
-761
-757
-682
-543
-354
-131
103
328
523
668
751
764
706
582
403
187
-47
-276
-480
-639
-738
-768
-726
-617
-450
-241
-9
223
434
605
720
767
743
649
494
294
66
-168
-387
-569
-698
-762
-755
-677
-536
-345
-122
113
337
530
673
753
763
702
575
395
177
-56
-285
-487
-644
-740
-767
-723
-611
-442
-232
0
232
442
611
723
767
740
644
487
285
56
-177
-395
-575
-702
-763
-753
-673
-530
-337
-113
122
345
536
677
755
762
698
569
387
168
-66
-294
-494
-649
-743
-767
-720
-605
-434
-223
9
241
450
617
726
768
738
639
480
276
47
-187
-403
-582
-706
-764
-751
-668
-523
-328
-103
131
354
543
682
757
761
694
563
379
159
-75
-303
-502
-654
-745
-767
-717
-600
-427
-214
19
250
457
622
729
768
735
633
472
268
38
-196
-411
-588
-710
-765
-749
-664
-516
-320
-94
141
362
550
686
758
760
690
556
370
150
-85
-311
-509
-659
-747
-766
-713
-594
-419
-205
28
259
465
628
732
768
732
628
465
259
28
-205
-419
-594
-713
-766
-747
-659
-509
-311
-85
150
370
556
690
760
758
686
550
362
141
-94
-320
-516
-664
-749
-765
-710
-588
-411
-196
38
268
472
633
735
768
729
622
457
250
19
-214
-427
-600
-717
-767
-745
-654
-502
-303
-75
159
379
563
694
761
757
682
543
354
131
-103
-328
-523
-668
-751
-764
-706
-582
-403
-187
47
276
480
639
738
768
726
617
450
241
9
-223
-434
-605
-720
-767
-743
-649
-494
-294
-66
168
387
569
698
762
755
677
536
345
122
-113
-337
-530
-673
-753
-763
-702
-575
-395
-177
56
285
487
644
740
767
723
611
442
232
0
-232
-442
-611
-723
-767
-740
-644
-487
-285
-56
177
395
575
702
763
753
673
530
337
113
-122
-345
-536
-677
-755
-762
-698
-569
-387
-168
66
294
494
649
743
767
720
605
434
223
-9
-241
-450
-617
-726
-768
-738
-639
-480
-276
-47
187
403
582
706
764
751
668
523
328
103
-131
-354
-543
-682
-757
-761
-694
-563
-379
-159
75
303
502
654
745
767
717
600
427
214
-19
-250
-457
-622
-729
-768
-735
-633
-472
-268
-38
196
411
588
710
765
749
664
516
320
94
-141
-362
-550
-686
-758
-760
-690
-556
-370
-150
85
311
509
659
747
766
713
594
419
205
-28
-259
-465
-628
-732
-768
-732
-628
-465
-259
-28
205
419
594
713
766
747
659
509
311
85
-150
-370
-556
-690
-760
-758
-686
-550
-362
-141
94
320
516
664
749
765
710
588
411
196
-38
-268
-472
-633
-735
-768
-729
-622
-457
-250
-19
214
427
600
717
767
745
654
502
303
75
-159
-379
-563
-694
-761
-757
-682
-543
-354
-131
103
328
523
668
751
764
706
582
403
187
-47
-276
-480
-639
-738
-768
-726
-617
-450
-241
-9
223
434
605
720
767
743
649
494
294
66
-168
-387
-569
-698
-762
-755
-677
-536
-345
-122
113
337
530
673
753
763
702
575
395
177
-56
-285
-487
-644
-740
-767
-723
-611
-442
-232