0
51200
204800
460800
723968
903168
1082368
1081344
1029120
462848
0
4294684672
4293734400
4293298176
4292451328
4292272128
4292092928
4291913728
4292658176
4293505024
4294454272
538624
1692672
2949120
4307968
4487168
4666368
4838400
3584000
2969600
768000
0
4292512768
4290748416
4289757184
4288709632
4288537600
4288358400
4289155072
4290990080
4292929536
0
2138112
4374528
6709248
8006656
8178688
8350720
7305216
4968448
2533376
0
4293651456
4289605632
4286783488
4285247488
4285075456
4284903424
4286199808
4287538176
4290439168
4293433344
1557504
4743168
8023040
11404288
11569152
11734016
11898880
8616960
5240832
1770496
0
4289517568
4285766656
4283791360
4281763840
4281606144
4281448448
4283238400
4287057920
4290967552
0
4089856
8269824
12539904
14780416
14938112
15095808
13068288
8802304
4444160
0
4290435072
4285816832
4281112576
4278652928
4278509568
4278359040
4280602624
4282889216
4287659008
0
2478080
7495680
12595200
17776640
17920000
18063360
18206720
13102080
7922688
2660352
0
4286866432
4281368576
4278532096
4275656704
4275520512
4275384320
4278065152
4283625472
4289257472
0
5783552
11644928
17577984
20629504
23724032
20887552
18014208
12079104
6076416
0
4288821248
4282605568
4276320256
4273090560
4272975872
4272854016
4275908608
4279003136
4285339648
0
3241984
9775104
16373760
23037952
23145472
23252992
23367680
16768000
10106880
3384320
0
4284725248
4277820416
4274305024
4270753792
4270653440
4270553088
4273954816
4280905728
4287907840
0
7114752
14282752
21504000
25181184
25274368
25367552
21817344
14598144
7323648
0
4287594496
4280172544
4272701440
4268904448
4268825600
4268739584
4272418816
4276120576
4283625472
0
3802112
11440128
19118080
26844160
26915840
26987520
27059200
19374080
11655168
3894272
4291063808
4283226112
4275352576
4271380480
4267384832
4267320320
4267262976
4271171584
4279070720
4290984960
0
7997440
16023552
24084480
28148736
28198912
28249088
24256512
16195584
8112128
0
4286830592
4278669312
4270483456
4266359808
4266323968
4266280960
4270348288
4274425856
4282627072
0
4123648
16510976
20664320
28958720
28987392
29016064
29044736
20761600
12469248
4159488
4290804736
4282470400
4274123776
4265764864
4265750528
4265729024
4265714688
4274062336
4278235136
4290782208
0
8376320
20945920
25141248
29338624
29345792
29352960
25159680
16777216
8388608
0
4286578688
4278190080
4269807616
4265614336
4265621504
4265628672
4269826048
4274021376
4286590976
0
4185088
16732160
20904960
29252608
29238272
29216768
29202432
20843520
12496896
4162560
4290807808
4282498048
4274205696
4265922560
4265951232
4265979904
4266008576
4274302976
4278456320
4290843648
0
12340224
20541440
24619008
28686336
28643328
28607488
24483840
16297984
8136704
0
4286855168
4278771712
4270710784
4266718208
4266768384
4266818560
4270882816
4278943744
4286969856
0
3982336
15896576
23795712
27704320
27646976
27582464
23586816
19614720
11741184
3903488
4291073024
4283312128
4275593216
4267908096
4267979776
4268051456
4268123136
4275849216
4283527168
4291165184
0
11341824
18846720
22548480
26227712
26141696
26062848
22265856
14794752
7372800
0
4287643648
4280369152
4273149952
4269599744
4269692928
4269786112
4273463296
4280684544
4287852544
0
7059456
14061568
21012480
24414208
24313856
24213504
20662272
17146880
10242048
0
4291582976
4284860416
4278199296
4271599616
4271714304
4271821824
4271929344
4278593536
4285192192
4291725312
0
9627648
15964160
19058688
22113280
21991424
21876736
18647040
12361728
6146048
0
4288890880
4282888192
4276953088
4274079744
4271243264
4274337792
4277389312
4283322368
4289183744
0
5709824
11341824
16902144
19582976
19446784
19310592
16435200
13598720
8100864
0
4292306944
4287044608
4281865216
4276760576
4276903936
4277047296
4277190656
4282372096
4287471616
4292489216
0
7308288
12078080
14364672
16608256
16457728
16314368
13854720
9150464
4532224
0
4290523136
4286164992
4281899008
4279871488
4280029184
4280186880
4282427392
4286697472
4290877440
0
3999744
7909376
11728896
13518848
13361152
13203456
11175936
9200640
5449728
0
4293196800
4289726464
4286350336
4283068416
4283233280
4283398144
4283563008
4286944256
4290224128
4293409792
1533952
4528128
7429120
8767488
10063872
9891840
9719808
8183808
5361664
1315840
0
4292433920
4289998848
4287662080
4286616576
4286788608
4286960640
4288258048
4290592768
4292829184
0
2037760
3977216
5812224
6608896
6429696
6257664
5210112
4218880
2454528
0
4294199296
4291997696
4291383296
4290128896
4290300928
4290480128
4290659328
4292018176
4293274624
4294428672
513024
1462272
2309120
3053568
2874368
2695168
2515968
1669120
1232896
282624
0
4294504448
4293938176
4293885952
4293884928
4294064128
4294243328
4294506496
4294762496
4294916096
0
4294916096
4294762496
4294506496
4294243328
4294064128
4293884928
4293885952
4293938176
4294504448
0
282624
1232896
1669120
2515968
2695168
2874368
3053568
2309120
1462272
513024
4294428672
4293274624
4292018176
4290659328
4290480128
4290300928
4290128896
4291383296
4291997696
4294199296
0
2454528
4218880
5210112
6257664
6429696
6608896
5812224
3977216
2037760
0
4292829184
4290592768
4288258048
4286960640
4286788608
4286616576
4287662080
4289998848
4292433920
0
1315840
5361664
8183808
9719808
9891840
10063872
8767488
7429120
4528128
1533952
4293409792
4290224128
4286944256
4283563008
4283398144
4283233280
4283068416
4286350336
4289726464
4293196800
0
5449728
9200640
11175936
13203456
13361152
13518848
11728896
7909376
3999744
0
4290877440
4286697472
4282427392
4280186880
4280029184
4279871488
4281899008
4286164992
4290523136
0
4532224
9150464
13854720
16314368
16457728
16608256
14364672
12078080
7308288
0
4292489216
4287471616
4282372096
4277190656
4277047296
4276903936
4276760576
4281865216
4287044608
4292306944
0
8100864
13598720
16435200
19310592
19446784
19582976
16902144
11341824
5709824
0
4289183744
4283322368
4277389312
4274337792
4271243264
4274079744
4276953088
4282888192
4288890880
0
6146048
12361728
18647040
21876736
21991424
22113280
19058688
15964160
9627648
0
4291725312
4285192192
4278593536
4271929344
4271821824
4271714304
4271599616
4278199296
4284860416
4291582976
0
10242048
17146880
20662272
24213504
24313856
24414208
21012480
14061568
7059456
0
4287852544
4280684544
4273463296
4269786112
4269692928
4269599744
4273149952
4280369152
4287643648
0
7372800
14794752
22265856
26062848
26141696
26227712
22548480
18846720
11341824
0
4291165184
4283527168
4275849216
4268123136
4268051456
4267979776
4267908096
4275593216
4283312128
4291073024
3903488
11741184
19614720
23586816
27582464
27646976
27704320
23795712
15896576
3982336
0
4286969856
4278943744
4270882816
4266818560
4266768384
4266718208
4270710784
4278771712
4286855168
0
8136704
16297984
24483840
28607488
28643328
28686336
24619008
20541440
12340224
0
4290843648
4278456320
4274302976
4266008576
4265979904
4265951232
4265922560
4274205696
4282498048
4290807808
4162560
12496896
20843520
29202432
29216768
29238272
29252608
20904960
16732160
4185088
0
4286590976
4274021376
4269826048
4265628672
4265621504
4265614336
4269807616
4278190080
4286578688
0
8388608
16777216
25159680
29352960
29345792
29338624
25141248
20945920
8376320
0
4290782208
4278235136
4274062336
4265714688
4265729024
4265750528
4265764864
4274123776
4282470400
4290804736
4159488
12469248
20761600
29044736
29016064
28987392
28958720
20664320
16510976
4123648
0
4282627072
4274425856
4270348288
4266280960
4266323968
4266359808
4270483456
4278669312
4286830592
0
8112128
16195584
24256512
28249088
28198912
28148736
24084480
16023552
7997440
0
4290984960
4279070720
4271171584
4267262976
4267320320
4267384832
4271380480
4275352576
4283226112
4291063808
3894272
11655168
19374080
27059200
26987520
26915840
26844160
19118080
11440128
3802112
0
4283625472
4276120576
4272418816
4268739584
4268825600
4268904448
4272701440
4280172544
4287594496
0
7323648
14598144
21817344
25367552
25274368
25181184
21504000
14282752
7114752
0
4287907840
4280905728
4273954816
4270553088
4270653440
4270753792
4274305024
4277820416
4284725248
0
3384320
10106880
16768000
23367680
23252992
23145472
23037952
16373760
9775104
3241984
0
4285339648
4279003136
4275908608
4272854016
4272975872
4273090560
4276320256
4282605568
4288821248
0
6076416
12079104
18014208
20887552
23724032
20629504
17577984
11644928
5783552
0
4289257472
4283625472
4278065152
4275384320
4275520512
4275656704
4278532096
4281368576
4286866432
0
2660352
7922688
13102080
18206720
18063360
17920000
17776640
12595200
7495680
2478080
0
4287659008
4282889216
4280602624
4278359040
4278509568
4278652928
4281112576
4285816832
4290435072
0
4444160
8802304
13068288
15095808
14938112
14780416
12539904
8269824
4089856
0
4290967552
4287057920
4283238400
4281448448
4281606144
4281763840
4283791360
4285766656
4289517568
0
1770496
5240832
8616960
11898880
11734016
11569152
11404288
8023040
4743168
1557504
4293433344
4290439168
4287538176
4286199808
4284903424
4285075456
4285247488
4286783488
4289605632
4293651456
0
2533376
4968448
7305216
8350720
8178688
8006656
6709248
4374528
2138112
0
4292929536
4290990080
4289155072
4288358400
4288537600
4288709632
4289757184
4290748416
4292512768
0
768000
2969600
3584000
4838400
4666368
4487168
4307968
2949120
1692672
538624
4294454272
4293505024
4292658176
4291913728
4292092928
4292272128
4292451328
4293298176
4293734400
4294684672
0
462848
1029120
1081344
1082368
903168
723968
460800
204800
51200
