0
0
0
4096
4096
8190
8188
12279
12276
16364
16356
16352
20430
20420
24492
24480
24462
24450
28504
28483
28462
28441
28420
28392
28371
28343
28315
28287
28259
28224
28196
28161
28126
28091
24048
24018
23982
23952
19930
19900
19870
15872
15848
11865
11847
7884
7870
7856
3921
3913
0
0
0
0
4294963422
4294963430
4294959580
4294959598
4294955776
4294955800
4294952004
4294952044
4294952080
4294948321
4294948371
4294948416
4294944700
4294944760
4294944820
4294941151
4294941221
4294941298
4294941368
4294941445
4294941522
4294941599
4294941676
4294941760
4294941837
4294941921
4294942005
4294942089
4294942173
4294942257
4294942341
4294942432
4294946056
4294946134
4294946212
4294949791
4294949856
4294949921
4294953448
4294953504
4294956994
4294957033
4294957075
4294960510
4294960538
4294963932
4294963946
0
0
0
0
3276
3261
6490
6460
9645
9597
12732
12668
12604
15675
15595
15515
18516
18414
18318
21252
21133
21014
20895
20776
20650
20531
20405
23176
20153
20034
19908
19775
19649
19523
19390
19264
16398
16284
16170
13380
13285
13190
10476
10396
10320
7680
7623
5042
5002
2481
2461
0
0
0
0
4294964936
4294964957
4294962660
4294962702
4294960465
4294960528
4294960591
4294958440
4294958528
4294956441
4294956546
4294956656
4294954654
4294954786
4294954918
4294953002
4294953156
4294953310
4294953464
4294953618
4294953772
4294953926
4294954087
4294954241
4294954395
4294954556
4294954710
4294954871
4294955032
4294955186
4294955347
4294955508
4294957330
4294957468
4294957606
4294959336
4294959456
4294959571
4294961208
4294961300
4294961396
4294962940
4294963012
4294964486
4294964534
4294965939
4294965963
0
0
0
0
1214
1190
2332
2284
2236
3279
3207
4180
4084
4980
4860
4735
5538
5388
5244
5094
5775
5600
5425
5257
5082
4907
4732
4564
4389
4214
4039
3864
3689
3514
3339
3164
2562
2412
2262
2112
1635
1510
1108
1008
908
606
531
304
254
102
76
0
0
0
0
0
74
100
250
300
525
600
900
1000
1100
1500
1625
2100
2250
2400
2550
3150
3325
3500
3675
3850
4025
4200
4375
4550
4718
4893
5068
5243
5411
5586
5761
5082
5232
5376
5526
4725
4850
4970
4076
4172
3201
3273
2232
2280
2328
1188
1212
0
0
0
0
4294965965
4294965941
4294964538
4294964490
4294963018
4294962946
4294961404
4294961308
4294961216
4294959581
4294959466
4294959346
4294957618
4294957480
4294957342
4294955522
4294955361
4294955200
4294955046
4294954885
4294954724
4294954570
4294954409
4294954255
4294954101
4294953940
4294953786
4294953632
4294953478
4294953324
4294953170
4294953016
4294954930
4294954798
4294954666
4294956666
4294956556
4294956451
4294958536
4294958448
4294960597
4294960534
4294960471
4294962706
4294962664
4294964959
4294964938
0
0
0
0
2459
2479
4998
5038
7617
7674
10312
10388
10468
13180
13275
13370
16158
16272
16386
19250
19376
19509
19635
19761
19894
20020
20139
23160
20391
20517
20636
20762
20881
21000
21119
21238
18306
18402
18504
15505
15585
15665
12596
12660
12724
9591
9639
6456
6486
3259
3274
0
0
0
0
4294963948
4294963934
4294960542
4294960514
4294957081
4294957039
4294957000
4294953512
4294953456
4294949931
4294949866
4294949801
4294946224
4294946146
4294946068
4294942446
4294942355
4294942271
4294942187
4294942103
4294942019
4294941935
4294941851
4294941774
4294941690
4294941613
4294941536
4294941459
4294941382
4294941312
4294941235
4294941165
4294944832
4294944772
4294944712
4294948426
4294948381
4294948331
4294952088
4294952052
4294952012
4294955806
4294955782
4294959602
4294959584
4294963432
4294963424
0
0
0
0
3911
3919
7852
7866
7880
11841
11859
15840
15864
19860
19890
19920
23940
23970
24006
24036
28077
28112
28147
28182
28210
28245
28273
28301
28329
28357
28378
28406
28427
28448
28469
28490
24438
24450
24468
24480
20410
20420
16344
16348
16356
12270
12273
8184
8186
4094
4094
0
0
0
0
0
4294963202
4294963202
4294959110
4294959112
4294955023
4294955026
4294950940
4294950948
4294950952
4294946876
4294946886
4294942816
4294942828
4294942846
4294942858
4294938806
4294938827
4294938848
4294938869
4294938890
4294938918
4294938939
4294938967
4294938995
4294939023
4294939051
4294939086
4294939114
4294939149
4294939184
4294939219
4294943260
4294943290
4294943326
4294943356
4294947376
4294947406
4294947436
4294951432
4294951456
4294955437
4294955455
4294959416
4294959430
4294959444
4294963377
4294963385
0
0
0
0
3872
3864
7712
7694
11514
11490
15284
15244
15208
18965
18915
18870
22584
22524
22464
26131
26061
25984
25914
25837
25760
25683
25606
25522
25445
25361
25277
25193
25109
25025
24941
24850
21228
21150
21072
17495
17430
17365
13840
13784
10296
10257
10215
6782
6754
3362
3348
0
0
0
0
4294964022
4294964037
4294960810
4294960840
4294957657
4294957705
4294954572
4294954636
4294954700
4294951631
4294951711
4294951791
4294948792
4294948894
4294948990
4294946058
4294946177
4294946296
4294946415
4294946534
4294946660
4294946779
4294946905
4294944136
4294947157
4294947276
4294947402
4294947535
4294947661
4294947787
4294947920
4294948046
4294950910
4294951024
4294951138
4294953926
4294954021
4294954116
4294956828
4294956908
4294956984
4294959622
4294959679
4294962258
4294962298
4294964817
4294964837
0
0
0
0
2358
2337
4632
4590
6825
6762
6699
8848
8760
10845
10740
10630
12630
12498
12366
14280
14126
13972
13818
13664
13510
13356
13195
13041
12887
12726
12572
12411
12250
12096
11935
11774
9954
9816
9678
7950
7830
7715
6080
5988
5892
4350
4278
2806
2758
1355
1331
0
0
0
0
4294966084
4294966108
4294964968
4294965016
4294965064
4294964023
4294964095
4294963124
4294963220
4294962326
4294962446
4294962571
4294961770
4294961920
4294962064
4294962214
4294961535
4294961710
4294961885
4294962053
4294962228
4294962403
4294962578
4294962746
4294962921
4294963096
4294963271
4294963446
4294963621
4294963796
4294963971
4294964146
4294964746
4294964896
4294965046
4294965196
4294965671
4294965796
4294966196
4294966296
4294966396
4294966696
4294966771
4294966996
4294967046
4294967196
4294967222
0
0
0
0
0
4294967220
4294967194
4294967042
4294966992
4294966765
4294966690
4294966388
4294966288
4294966188
4294965786
4294965661
4294965184
4294965034
4294964884
4294964734
4294964132
4294963957
4294963782
4294963607
4294963432
4294963257
4294963082
4294962907
4294962732
4294962564
4294962389
4294962214
4294962039
4294961871
4294961696
4294961521
4294962202
4294962052
4294961908
4294961758
4294962561
4294962436
4294962316
4294963212
4294963116
4294964089
4294964017
4294965060
4294965012
4294964964
4294966106
4294966082
0
0
0
0
1333
1357
2762
2810
4284
4356
5900
5996
6088
7725
7840
7960
9690
9828
9966
11788
11949
12110
12264
12425
12586
12740
12901
13055
13209
13370
13524
13678
13832
13986
14140
14294
12378
12510
12642
10640
10750
10855
8768
8856
6705
6768
6831
4594
4636
2339
2360
0
0
0
0
4294964835
4294964815
4294962294
4294962254
4294959673
4294959616
4294956976
4294956900
4294956820
4294954106
4294954011
4294953916
4294951126
4294951012
4294950898
4294948032
4294947906
4294947773
4294947647
4294947521
4294947388
4294947262
4294947143
4294944120
4294946891
4294946765
4294946646
4294946520
4294946401
4294946282
4294946163
4294946044
4294948978
4294948882
4294948780
4294951781
4294951701
4294951621
4294954692
4294954628
4294954564
4294957699
4294957651
4294960836
4294960806
4294964035
4294964020
0
0
0
0
3350
3364
6758
6786
10221
10263
10302
13792
13848
17375
17440
17505
21084
21162
21240
24864
24955
25039
25123
25207
25291
25375
25459
25536
25620
25697
25774
25851
25928
25998
26075
26145
22476
22536
22596
18880
18925
18975
15216
15252
15292
11496
11520
7698
7716
3866
3874
0
0
0
0
4294963383
4294963375
4294959440
4294959426
4294959412
4294955449
4294955431
4294951448
4294951424
4294947426
4294947396
4294947366
4294943344
4294943314
4294943278
4294943248
4294939205
4294939170
4294939135
4294939100
4294939072
4294939037
4294939009
4294938981
4294938953
4294938925
4294938904
4294938876
4294938855
4294938834
4294938813
4294938792
4294942846
4294942834
4294942816
4294942804
4294946876
4294946866
4294950944
4294950940
4294950932
4294955020
4294955017
4294959108
4294959106
4294963200
4294963200
0
0
