0
0
0
0
0
0
0
0
0
0
0
0
0
0
0
0
0
0
0
0
0
0
0
0
0
0
0
0
0
0
0
0
0
0
0
0
0
0
0
0
0
-133
-129
-136
-120
-216
-238
-336
-460
-440
-520
-552
-824
-801
-979
-1196
-1470
-1512
-1806
-2112
-2240
-2673
-3116
-3520
-3978
-3422
-4896
-5621
-5456
-7878
-7068
-8060
-9114
-10560
-10230
-13585
-11934
-13572
-16296
-17442
-18258
-19008
-19665
-24050
-24288
-25476
-24648
-28249
-35952
-27642
-36960
-38950
-35805
-39528
-38841
-33993
-48312
-49980
-39416
-36915
-39008
-37527
-39438
-41370
-49464
-47322
-42541
-9304
-53020
-52311
-56518
-44914
-124752
-36088
-22680
-37544
-41104
-29760
-39130
-3038
-24464
-21490
-9228
-24592
-12260
3048
45360
20951
0
0
0
0
0
0
0
0
0
0
0
0
0
0
0
0
0
0
0
0
0
0
0
0
0
0
0
0
0
0
0
0
0
0
0
0
0
0
0
0
0
0
0
0
0
0
0
0
0
0
0
0
0
0
0
0
0
0
0
0
0
0
0
0
0
0
0
0
0
0
0
0
0
0
0
0
0
0
0
0
0
0
0
0
0
0
0
0
0
0
0
0
0
0
0
0
0
0
0
0
0
0
0
0
0
0
0
0
0
0
0
0
0
0
0
0
0
0
0
0
0
0
0
0
0
0
0
0
0
0
0
0
0
0
0
0
0
0
0
0
0
0
0
0
0
0
0
0
0
-288
-269
-508
-968
-1175
-1816
-2541
-3135
-4305
-5488
-6878
-9180
-11764
-14344
-18012
-23079
-27342
-33696
-39576
-50836
-58121
-68112
-85952
-89880
-95040
-121737
-131824
-154330
-166760
-176384
-172776
-212283
-199271
-214490
-236348
-265776
-238140
-252496
-264880
-244640
-249156
-251330
-241920
-230490
-165880
-197424
-190019
-151776
-177840
-130386
-119102
-107756
-99648
-76010
-78975
-53907
-47372
-43568
-35532
-28101
-21936
-16920
-15250
-11316
-8624
-6045
-4961
-4512
-2448
-2310
-1681
-1085
-792
-528
-324
-288
-210
-104
-69
-46
-21
0
0
0
0
0
0
0
0
0
0
0
0
0
0
0
0
0
0
0
0
0
0
0
0
0
0
0
0
0
0
0
0
0
0
0
0
0
0
0
0
0
0
0
0
0
0
0
0
0
0
0
0
0
0
0
0
0
0
0
0
0
0
0
0
0
0
0
0
0
0
0
0
0
0
0
0
0
0
0
0
0
0
0
0
0
0
0
0
0
0
0
0
0
0
0
0
0
0
0
0
0
0
0
0
0
0
0
0
0
0
0
0
0
0
0
0
0
0
0
0
0
0
0
0
0
0
0
0
0
0
0
0
0
0
0
0
0
0
0
0
0
0
0
0
0
0
0
0
0
0
0
0
0
0
0
0
0
0
0
0
0
0
0
0
0
-570
-2040
-3688
-6660
-11564
-1689018
-31064
-49980
-70902
-107400
-152064
-201481
-259842
-324764
-398560
-467847
-556710
-566808
-601880
-599368
-554765
-531900
-474366
-399024
-332274
-272866
-203154
-152208
-105808
-78242
-50008
-31734
-21080
-11280
-5940
-3689
-1792
-920
-440
-208
0
0
0
0
0
0
0
0
0
0
0
0
0
0
0
0
0
0
0
0
0
0
0
0
0
0
0
0
0
0
0
0
0
0
0
0
0
0
0
0
0
0
0
0
0
0
0
0
0
0
0
0
0
0
0
0
0
0
0
0
0
0
0
0
0
0
0
0
0
0
0
0
0
0
0
0
0
0
0
0
0
0
0
0
0
0
0
0
0
0
0
0
0
0
0
0
0
0
0
0
0
0
0
0
0
0
0
0
0
0
0
0
0
0
0
0
0
0
0
0
0
0
0
0
0
0
0
0
0
0
0
0
0
0
0
0
0
0
0
0
0
0
0
0
0
0
0
0
0
0
0
0
0
0
0
0
0
0
0
0
0
0
0
0
0
0
0
0
0
0
0
0
0
0
0
0
0
0
0
0
0
0
0
0
0
0
0
0
0
0
0
0
0
0
0
0
0
0
0
0
0
0
0
0
0
0
0
0
0
0
0
-4332
-13755
-39984
-101283
-220170
-426930
-684420
-950121
-1204128
-1262954
-97863690
-864144
-590920
-320271
-165300
-70848
-25286
-7874
-1936
-470
0
0
0
0
0
0
0
0
0
0
0
0
0
0
0
0
0
0
0
0
0
0
0
0
0
0
0
0
0
0
0
0
0
0
0
0
0
0
0
0
0
0
0
0
0
0
0
0
0
0
0
0
0
0
0
0
0
0
0
0
0
0
0
0
0
0
0
0
0
0
0
0
0
0
0
0
0
0
0
0
0
0
0
0
0
0
0
0
0
0
0
0
0
0
0
0
0
0
0
0
0
0
0
0
0
0
0
0
0
0
0
0
0
0
0
0
0
0
0
0
0
0
0
0
0
0
0
0
0
0
0
0
0
0
0
0
0
0
0
0
0
0
0
0
0
0
0
0
0
0
0
0
0
0
0
0
0
0
0
0
0
0
0
0
0
0
0
0
0
0
0
0
0
0
0
0
0
0
0
0
0
0
0
0
0
0
0
0
0
0
0
0
0
0
0
0
0
0
0
0
0
0
0
0
0
0
0
0
0
0
0
0
0
0
0
0
0
0
0
0
0
0
0
0
0
0
0
0
0
0
