0
193
344
421
414
334
212
88
0
-30
0
73
158
214
212
138
0
-174
-344
-467
-512
-467
-344
-174
0
138
212
214
158
73
0
-30
0
88
212
334
414
421
344
193
0
-193
-344
-421
-414
-334
-212
-88
0
30
0
-73
-158
-214
-212
-138
0
174
344
467
512
467
344
174
0
-138
-212
-214
-158
-73
0
30
0
-88
-212
-334
-414
-421
-344
-193
0
193
344
421
414
334
212
88
0
-30
0
73
158
214
212
138
0
-174
-344
-467
-512
-467
-344
-174
0
138
212
214
158
73
0
-30
0
88
212
334
414
421
344
193
0
-193
-344
-421
-414
-334
-212
-88
0
30
0
-73
-158
-214
-212
-138
0
174
344
467
512
467
344
174
0
-138
-212
-214
-158
-73
0
30
0
-88
-212
-334
-414
-421
-344
-193
0
193
344
421
414
334
212
88
0
-30
0
73
158
214
212
138
0
-174
-344
-467
-512
-467
-344
-174
0
138
212
214
158
73
0
-30
0
88
212
334
414
421
344
193
0
-193
-344
-421
-414
-334
-212
-88
0
30
0
-73
-158
-214
-212
-138
0
174
344
467
512
467
344
174
0
-138
-212
-214
-158
-73
0
30
0
-88
-212
-334
-414
-421
-344
-193
0
193
344
421
414
334
212
88
0
-30
0
73
158
214
212
138
