0
0
0
0
0
0
0
0
0
0
0
0
0
0
0
0
0
0
0
0
0
0
0
0
0
0
0
0
0
0
0
0
0
0
0
0
0
0
0
0
0
-522
-471
-453
-421
-800
-762
-1104
-1392
-1348
-1615
-1872
-2424
-2565
-3278
-2834
-3705
-4302
-4830
-5304
-6076
-7194
-7866
-8976
-9996
-11092
-12852
-13090
-15928
-17675
-19380
-22230
-24843
-27060
-25296
-29887
-34398
-38106
-41031
-44897
-49404
-53064
-58121
-61568
-66000
-73533
-85320
-93704
-89880
-98373
-105600
-113050
-118668
-130662
-135355
-138490
-148962
-158508
-160696
-184575
-179776
-184061
-189678
-202910
-210222
-236610
-257485
-223296
-236180
-244118
-246624
-243064
-260352
-260944
-272160
-274360
-284792
-276768
-361200
-282534
-275220
-279370
-279916
-273586
-288110
-249936
-284256
-275356
-268905
0
0
0
0
0
0
0
0
0
0
0
0
0
0
0
0
0
0
0
0
0
0
0
0
0
0
0
0
0
0
0
0
0
0
0
0
0
0
0
0
0
0
0
0
0
0
0
0
0
0
0
0
0
0
0
0
0
0
0
0
0
0
0
0
0
0
0
0
0
0
0
0
0
0
0
0
0
0
0
0
0
0
0
0
0
0
0
0
0
0
0
0
0
0
0
0
0
0
0
0
0
0
0
0
0
0
0
0
0
0
0
0
0
0
0
0
0
0
0
0
0
0
0
0
0
0
0
0
0
0
0
0
0
0
0
0
0
0
0
0
0
0
0
0
0
0
0
0
6404
23333
-31816
-24368
-18915
-22040
-23903
-26790
-31773
-36792
-44194
-52683
-63376
-74008
-86298
-105840
-122946
-143208
-166743
-192604
-228114
-248688
-286296
-315329
-352000
-389763
-433136
-467016
-510892
-547808
-585936
-624483
-638115
-718180
-560042
-669864
-677565
-675280
-665210
-663586
-670568
-634455
-616896
-579180
-537680
-518238
-442510
-443088
-399000
-357510
-328491
-293722
-255348
-187952
-173745
-155379
-133006
-109698
-91462
-76038
-61238
-50008
-39040
-30750
-24892
-20925
-16456
-11280
-8712
-6600
-4879
-3596
-2618
-1840
-1320
-888
-666
-424
-345
-212
-103
0
0
0
0
0
0
0
0
0
0
0
0
0
0
0
0
0
0
0
0
0
0
0
0
0
0
0
0
0
0
0
0
0
0
0
0
0
0
0
0
0
0
0
0
0
0
0
0
0
0
0
0
0
0
0
0
0
0
0
0
0
0
0
0
0
0
0
0
0
0
0
0
0
0
0
0
0
0
0
0
0
0
0
0
0
0
0
0
0
0
0
0
0
0
0
0
0
0
0
0
0
0
0
0
0
0
0
0
0
0
0
0
0
0
0
0
0
0
0
0
0
0
0
0
0
0
0
0
0
0
0
0
0
0
0
0
0
0
0
0
0
0
0
0
0
0
0
0
0
0
0
0
0
0
0
0
0
0
0
0
0
0
0
0
0
-5207
-9348
-8856
-5760
3864
29682
90288
228438
534924
1263024
3381312
17476417
-16273884
-8175464
-6415968
-5678055
-5236930
-4843632
-4442168
-4018212
-3564595
-3052515
-2555544
-2058768
-1591971
-1251360
-913502
-646884
-445794
-296438
-196272
-115866
-70215
-39574
-22000
-11811
-5888
-2784
-1348
-646
0
0
0
0
0
0
0
0
0
0
0
0
0
0
0
0
0
0
0
0
0
0
0
0
0
0
0
0
0
0
0
0
0
0
0
0
0
0
0
0
0
0
0
0
0
0
0
0
0
0
0
0
0
0
0
0
0
0
0
0
0
0
0
0
0
0
0
0
0
0
0
0
0
0
0
0
0
0
0
0
0
0
0
0
0
0
0
0
0
0
0
0
0
0
0
0
0
0
0
0
0
0
0
0
0
0
0
0
0
0
0
0
0
0
0
0
0
0
0
0
0
0
0
0
0
0
0
0
0
0
0
0
0
0
0
0
0
0
0
0
0
0
0
0
0
0
0
0
0
0
0
0
0
0
0
0
0
0
0
0
0
0
0
0
0
0
0
0
0
0
0
0
0
0
0
0
0
0
0
0
0
0
0
0
0
0
0
0
0
0
0
0
0
0
0
0
0
0
0
0
0
0
0
0
0
0
0
0
0
0
0
16316
76215
375258
2521197
-7896764
-3900043
-3136254
-2281527
-1041408
422004
1719810
2511648
2700852
2416302
1943928
1575384
2193302
-493148
-48736
-7566
0
0
0
0
0
0
0
0
0
0
0
0
0
0
0
0
0
0
0
0
0
0
0
0
0
0
0
0
0
0
0
0
0
0
0
0
0
0
0
0
0
0
0
0
0
0
0
0
0
0
0
0
0
0
0
0
0
0
0
0
0
0
0
0
0
0
0
0
0
0
0
0
0
0
0
0
0
0
0
0
0
0
0
0
0
0
0
0
0
0
0
0
0
0
0
0
0
0
0
0
0
0
0
0
0
0
0
0
0
0
0
0
0
0
0
0
0
0
0
0
0
0
0
0
0
0
0
0
0
0
0
0
0
0
0
0
0
0
0
0
0
0
0
0
0
0
0
0
0
0
0
0
0
0
0
0
0
0
0
0
0
0
0
0
0
0
0
0
0
0
0
0
0
0
0
0
0
0
0
0
0
0
0
0
0
0
0
0
0
0
0
0
0
0
0
0
0
0
0
0
0
0
0
0
0
0
0
0
0
0
0
0
0
0
0
0
0
0
0
0
0
0
0
0
0
0
0
0
0
0
