67108864
67092581
67027145
66928941
66781585
66601461
66388569
66126524
65815327
65471361
65094627
64685124
64226469
63718661
63194468
62621122
61998623
61359740
60671703
59950898
59180939
58394595
57559098
56707215
55806180
54872375
53905800
52906456
51874342
50825843
49728191
48614152
47450960
46271383
45075419
43830302
42568798
41290909
39980250
38653205
37293390
35900805
34508217
33082860
31641116
30182987
28692087
27201185
25677512
24153838
22613777
21057329
19484496
17895276
16306053
14700444
13094833
11472836
9850836
8212449
6574060
4935669
3297275
1658879
4096
266784767
265146363
263507957
261869548
260231137
258592724
256970692
255348657
253743004
252137349
250548076
248958800
247385905
245829393
244289262
242765512
241241761
239750775
238259787
236801564
235359724
233934265
232541573
231148878
229788949
228461786
227151005
225872990
224611358
223366107
222170007
220990288
219826952
218712767
217614963
216566310
215534040
214534536
213567799
212633828
211732623
210880570
210044899
209258379
208488242
207767255
207079036
206439967
205817282
205243748
204719365
204211365
203752516
203342819
202965889
202621727
202310332
202048089
201834997
201654673
201507117
201408713
201343077