67108864
67108914
67092581
67059863
67027145
66978043
66928941
66863455
66781585
66699715
66601461
66503207
66388569
66257547
66126524
65979118
65815327
65651536
65471361
65291186
65094627
64898068
64685124
64455797
64226469
63980757
63718661
63456564
63194468
62899603
62621122
62309873
61998623
61687374
61359740
61015722
60671703
60311301
59950898
59574110
59180939
58787767
58394595
57985038
57559098
57133157
56707215
56248506
55806180
55347469
54872375
54397279
53905800
53414320
52906456
52398591
51874342
51350093
50825843
50268825
49728191
49171172
48614152
48040749
47450960
46877556
46271383
45681593
45075419
44452860
43830302
43207742
42568798
41929854
41290909
40635580
39980250
39308536
38653205
37965106
37293390
36605289
35900805
35212703
34508217
33787347
33082860
32361988
31641116
30903860
30182987
29445729
28692087
27954828
27201185
26447541
25677512
24923867
24153838
23383807
22613777
21827361
21057329
20270913
19484496
18698078
17895276
17108857
16306053
15503249
14700444
13897639
13094833
12292027
11472836
10670028
9850836
9031643
8212449
7393255
6574060
5754865
4935669
4116472
3297275
2478077
1658879
823296
4096
267620352
266784767
265965565
265146363
264327160
263507957
262688753
261869548
261050343
260231137
259411931
258592724
257773516
256970692
256151483
255348657
254545831
253743004
252940177
252137349
251334521
250548076
249745246
248958800
248172353
247385905
246615841
245829393
245059327
244289262
243519195
242765512
241995445
241241761
240488076
239750775
238997089
238259787
237538868
236801564
236080644
235359724
234655187
233934265
233229727
232541573
231837033
231148878
230477106
229788949
229133560
228461786
227806396
227151005
226511998
225872990
225233982
224611358
223988732
223366107
222759865
222170007
221563764
220990288
220400429
219826952
219269860
218712767
218172057
217614963
217090637
216566310
216041983
215534040
215026096
214534536
214042975
213567799
213092621
212633828
212191418
211732623
211306597
210880570
210454542
210044899
209651639
209258379
208865118
208488242
208127749
207767255
207423146
207079036
206751310
206439967
206128625
205817282
205538707
205243748
204981556
204719365
204457173
204211365
203981941
203752516
203539476
203342819
203146162
202965889
202785616
202621727
202457838
202310332
202179211
202048089
201933351
201834997
201736643
201654673
201572703
201507117
201457915
201408713
201375895
201343077
201326642