359.000000
347.488410
338.089214
339.269397
348.202894
339.999290
353.277380
353.513162
358.724982
345.979621
347.629975
364.752359
347.668230
354.741540
357.417976
343.669423
349.922711
362.800283
346.195152
354.417474
363.444470
347.856062
353.733028
357.625439
361.517825
349.029348
349.991280
351.852795
371.117333
354.251015
362.395628
364.678232
361.005036
377.342985
420.094747
688.148757
1901.126109
6091.051214
16153.403367
29546.882614
28860.430549
-1565.451105
-24692.180646
6581.211225
17879.147234
-20322.986881
9996.569847
3660.384933
-11604.450277
16618.089718
-17241.313130
18163.122113
-16850.011387
16338.337205
-12657.556014
8100.909849
844.149867
-9268.552915
16354.781051
-13517.273620
2653.579296
12359.144249
-14278.442692
1163.068440
14897.855951
-7957.830637
-10816.483986
11077.094818
11287.363604
-8438.157465
-12489.502285
3547.365118
14856.278558
8035.260204
-6562.423774
-13420.762278
-7933.796477
3490.878899
12365.300636
14491.122829
10550.249068
3680.428057
-3063.077866
-7944.073574
-10505.482152
-11087.804818
-10389.906416
-9026.067278
-7481.370456
-5982.620296
-4688.337247
-3603.299870
-2767.743416
-2118.237015
-1634.501857
-1240.012504
-978.646181
-761.301058
-594.967583
-470.242026
-370.379633
-271.078855
-222.726421
-175.524948
-119.912208
-89.464305
-57.886082
-33.858783
-10.517712
13.797434
24.573771
34.254475
48.670903
64.293110
76.816638
81.838506
95.547896
104.590499
98.130123
114.515207
130.564059
121.394342
127.755714
141.813498
147.706785
138.166715
151.594621
148.727635
155.452273
157.313316
160.554147
162.473867
153.067967
169.497274
158.570143
160.436819
170.705525
171.628195
183.019231
172.947239
190.331958
186.712358
196.996386
174.675361
179.634897
199.338507
184.164904
190.727016
189.064890
179.601875
196.829060
196.208129
203.990712
200.043489
195.589407
207.971191
200.685802
199.370279
199.373221
190.242538
219.032363
208.543328
214.920675
201.861519
213.046980
211.258509
205.309762
212.468808
215.619998
219.018490
216.062971
212.163168
214.993682
217.101123
212.149655
207.517111
220.219431
217.015298
223.254455
210.632822
220.197614
211.509281
217.655704
230.573024
214.072578
219.812512
224.659967
220.960243
215.422036
229.571344
213.324987
228.429727
216.861122
222.359847
235.833231
227.648783
231.370384
230.277345
237.393405
221.046888
227.320896
226.643231
219.037879
220.267367
232.170144
232.471381
224.545924
226.950728
225.997623
236.318127
219.371884
230.327704
224.936101
238.566010
228.250496
224.524109
225.983146
231.194586
229.045415
222.715089
229.780201
239.811748
224.593622
222.437016
219.933286
221.962294
221.559452
227.323029
234.043601
232.011329
223.614873
230.610910
227.970880
235.422289
239.391906
238.048803
241.624916
242.074822
222.435401
238.074212
231.900402
236.993448
243.504809
239.000804
252.653735
230.536773
238.467524
232.629479
233.704500
230.613501
225.717722
239.043591
235.028078
226.698342
223.083110
247.103913
244.000000
232.737062
251.217490
245.961213
238.206533
240.010015
236.478368
229.385612
234.871725
231.198563
240.434781
234.628293
259.765322
228.435978
242.037362
246.387749
234.582926
232.745150
236.608549
240.341012
241.435002
220.775248
233.359205
246.840459
234.804101
241.143292
250.055376
243.756953
244.148155
241.730987
247.580107
248.426201
240.513876
232.595322
239.504794
239.164014
234.179360
254.215976
248.544538
241.274856
232.363936
232.320703
253.583133
241.719540
236.386338
250.891902
233.036914
242.902525
236.700081
249.474947
237.808935
245.993556
244.471094
228.319419
235.754446
244.842463
237.797427
244.982211
242.502725
238.582740
236.963289
241.962073
244.995489
247.702088
247.855770
246.078966
252.753311
238.360310
233.149927
239.129322
253.485698
229.240472
231.652264
241.022758
235.122521
238.382958
241.691057
243.315164
249.133411
250.255675
234.096665
240.457638
256.286424
257.581260
240.229875
250.755750
249.339278
240.176493
236.676155
249.951904
241.407454
251.338098
232.759064
251.154129
246.861201
259.431924
239.464288
247.744267
240.775302
244.308249
243.986329
246.902453
237.861911
244.554687
260.331714
241.256860
245.379813
244.636164
236.036417
239.347491
250.926384
235.913700
249.097543
249.705704
262.082339
243.604129
238.615849
259.333831
240.600014
241.748099
244.213885
245.673170
244.689334
246.891038
236.971094
244.426741
233.848500
236.760303
244.547727
247.801945
252.690381
247.336448
232.619379
241.645654
245.374597
249.178913
245.833520
240.140082
240.223049
246.204872
241.252271
246.642802
259.363219
241.657578
239.634706
244.133268
247.108800
255.414869
243.634846
241.570033
242.749891
252.508670
247.860900
249.099096
250.424099
254.378638
252.384148
249.710054
250.265950
253.115016
242.983875
241.202745
243.584907
239.474672
246.717169
248.957866
237.710473
241.612058
227.828216
242.367918
241.666797
243.788303
251.507190
245.622206
249.585260
246.099150
252.719769
246.029383
248.191071
241.837051
238.984700
247.868347
234.326853
248.117724
248.834139
240.227219
242.526967
240.806581
243.277868
234.870653
249.105428
247.626492
229.427156
244.291051
257.700928
250.106309
244.701109
254.972940
262.056602
252.670304
241.027552
229.614261
239.736188
251.205237
244.674101
247.180208
242.776945
251.160525
241.360860
245.079114
240.344020
241.085463
247.212460
245.240226
233.394705
250.047985
251.504582
243.408689
246.199965
242.522945
249.591988
233.876373
243.389640
243.514142
247.713458
245.965874
240.788312
244.706430
235.505871
251.704261
260.044741
243.553559
248.317408
236.109805
239.567796
239.948531
245.477281
248.712731
250.042716
237.784164
237.662693
254.828904
230.665014
241.709652
245.420750
252.331308
255.612871
255.316639
238.331066
238.697482
246.213873
233.928011
254.652995
243.261644
243.787355
241.641575
241.000000
241.641575
243.787355
243.261644
254.652995
233.928011
246.213873
238.697482
238.331066
255.316639
255.612871
252.331308
245.420750
241.709652
230.665014
254.828904
237.662693
237.784164
250.042716
248.712731
245.477281
239.948531
239.567796
236.109805
248.317408
243.553559
260.044741
251.704261
235.505871
244.706430
240.788312
245.965874
247.713458
243.514142
243.389640
233.876373
249.591988
242.522945
246.199965
243.408689
251.504582
250.047985
233.394705
245.240226
247.212460
241.085463
240.344020
245.079114
241.360860
251.160525
242.776945
247.180208
244.674101
251.205237
239.736188
229.614261
241.027552
252.670304
262.056602
254.972940
244.701109
250.106309
257.700928
244.291051
229.427156
247.626492
249.105428
234.870653
243.277868
240.806581
242.526967
240.227219
248.834139
248.117724
234.326853
247.868347
238.984700
241.837051
248.191071
246.029383
252.719769
246.099150
249.585260
245.622206
251.507190
243.788303
241.666797
242.367918
227.828216
241.612058
237.710473
248.957866
246.717169
239.474672
243.584907
241.202745
242.983875
253.115016
250.265950
249.710054
252.384148
254.378638
250.424099
249.099096
247.860900
252.508670
242.749891
241.570033
243.634846
255.414869
247.108800
244.133268
239.634706
241.657578
259.363219
246.642802
241.252271
246.204872
240.223049
240.140082
245.833520
249.178913
245.374597
241.645654
232.619379
247.336448
252.690381
247.801945
244.547727
236.760303
233.848500
244.426741
236.971094
246.891038
244.689334
245.673170
244.213885
241.748099
240.600014
259.333831
238.615849
243.604129
262.082339
249.705704
249.097543
235.913700
250.926384
239.347491
236.036417
244.636164
245.379813
241.256860
260.331714
244.554687
237.861911
246.902453
243.986329
244.308249
240.775302
247.744267
239.464288
259.431924
246.861201
251.154129
232.759064
251.338098
241.407454
249.951904
236.676155
240.176493
249.339278
250.755750
240.229875
257.581260
256.286424
240.457638
234.096665
250.255675
249.133411
243.315164
241.691057
238.382958
235.122521
241.022758
231.652264
229.240472
253.485698
239.129322
233.149927
238.360310
252.753311
246.078966
247.855770
247.702088
244.995489
241.962073
236.963289
238.582740
242.502725
244.982211
237.797427
244.842463
235.754446
228.319419
244.471094
245.993556
237.808935
249.474947
236.700081
242.902525
233.036914
250.891902
236.386338
241.719540
253.583133
232.320703
232.363936
241.274856
248.544538
254.215976
234.179360
239.164014
239.504794
232.595322
240.513876
248.426201
247.580107
241.730987
244.148155
243.756953
250.055376
241.143292
234.804101
246.840459
233.359205
220.775248
241.435002
240.341012
236.608549
232.745150
234.582926
246.387749
242.037362
228.435978
259.765322
234.628293
240.434781
231.198563
234.871725
229.385612
236.478368
240.010015
238.206533
245.961213
251.217490
232.737062
244.000000
247.103913
223.083110
226.698342
235.028078
239.043591
225.717722
230.613501
233.704500
232.629479
238.467524
230.536773
252.653735
239.000804
243.504809
236.993448
231.900402
238.074212
222.435401
242.074822
241.624916
238.048803
239.391906
235.422289
227.970880
230.610910
223.614873
232.011329
234.043601
227.323029
221.559452
221.962294
219.933286
222.437016
224.593622
239.811748
229.780201
222.715089
229.045415
231.194586
225.983146
224.524109
228.250496
238.566010
224.936101
230.327704
219.371884
236.318127
225.997623
226.950728
224.545924
232.471381
232.170144
220.267367
219.037879
226.643231
227.320896
221.046888
237.393405
230.277345
231.370384
227.648783
235.833231
222.359847
216.861122
228.429727
213.324987
229.571344
215.422036
220.960243
224.659967
219.812512
214.072578
230.573024
217.655704
211.509281
220.197614
210.632822
223.254455
217.015298
220.219431
207.517111
212.149655
217.101123
214.993682
212.163168
216.062971
219.018490
215.619998
212.468808
205.309762
211.258509
213.046980
201.861519
214.920675
208.543328
219.032363
190.242538
199.373221
199.370279
200.685802
207.971191
195.589407
200.043489
203.990712
196.208129
196.829060
179.601875
189.064890
190.727016
184.164904
199.338507
179.634897
174.675361
196.996386
186.712358
190.331958
172.947239
183.019231
171.628195
170.705525
160.436819
158.570143
169.497274
153.067967
162.473867
160.554147
157.313316
155.452273
148.727635
151.594621
138.166715
147.706785
141.813498
127.755714
121.394342
130.564059
114.515207
98.130123
104.590499
95.547896
81.838506
76.816638
64.293110
48.670903
34.254475
24.573771
13.797434
-10.517712
-33.858783
-57.886082
-89.464305
-119.912208
-175.524948
-222.726421
-271.078855
-370.379633
-470.242026
-594.967583
-761.301058
-978.646181
-1240.012504
-1634.501857
-2118.237015
-2767.743416
-3603.299870
-4688.337247
-5982.620296
-7481.370456
-9026.067278
-10389.906416
-11087.804818
-10505.482152
-7944.073574
-3063.077866
3680.428057
10550.249068
14491.122829
12365.300636
3490.878899
-7933.796477
-13420.762278
-6562.423774
8035.260204
14856.278558
3547.365118
-12489.502285
-8438.157465
11287.363604
11077.094818
-10816.483986
-7957.830637
14897.855951
1163.068440
-14278.442692
12359.144249
2653.579296
-13517.273620
16354.781051
-9268.552915
844.149867
8100.909849
-12657.556014
16338.337205
-16850.011387
18163.122113
-17241.313130
16618.089718
-11604.450277
3660.384933
9996.569847
-20322.986881
17879.147234
6581.211225
-24692.180646
-1565.451105
28860.430549
29546.882614
16153.403367
6091.051214
1901.126109
688.148757
420.094747
377.342985
361.005036
364.678232
362.395628
354.251015
371.117333
351.852795
349.991280
349.029348
361.517825
357.625439
353.733028
347.856062
363.444470
354.417474
346.195152
362.800283
349.922711
343.669423
357.417976
354.741540
347.668230
364.752359
347.629975
345.979621
358.724982
353.513162
353.277380
339.999290
348.202894
339.269397
338.089214
347.488410
