0
3913
-8499
-2859
-1814
-1378
-1083
-917
-784
-689
-615
-570
-510
-461
-444
-413
-33118
-353
-340
-303
-300
-288
-269
-254
-242
-235
-227
-231
-209
-205
-196
-181
-180
-173
-163
-158
-157
-147
-144
-136
-142
-133
-129
-136
-120
-108
-119
-112
-115
-110
-104
-92
-103
-89
-89
-92
-98
-84
-86
-88
-80
-81
-82
-80
-78
-58
-72
-73
-62
-78
-62
-62
-62
-64
-55
-65
-51
-52
-56
-54
-51
-48
-45
-50
-46
-44
-39
-41
-48
-34
-42
-41
-35
-36
-33
-27
-36
-35
-26
-23
-23
-21
-21
-21
-24
-22
-19
-4
-22
-21
-22
-17
-46
-13
-8
-13
-14
-10
-13
-1
-8
-7
-3
-8
-4
1
15
7
0
-7
-15
-1
4
8
3
7
8
1
13
10
14
13
8
13
46
17
22
21
22
4
19
22
24
21
21
21
23
23
26
35
36
27
33
36
35
41
42
34
48
41
39
44
46
50
45
48
51
54
56
52
51
65
55
64
62
62
62
78
62
73
72
58
78
80
82
81
80
88
86
84
98
92
89
89
103
92
104
110
115
112
119
108
120
136
129
133
142
136
144
147
157
158
163
173
180
181
196
205
209
231
227
235
242
254
269
288
300
303
340
353
33118
413
444
461
510
570
615
689
784
917
1083
1378
1814
2859
8499
-3913