0
475
287
891
768
529
799
113
0
-113
-799
-529
-768
-891
-287
-475
0
475
287
891
768
529
799
113
0
-113
-799
-529
-768
-891
-287
-475
0
475
287
891
768
529
799
113
0
-113
-799
-529
-768
-891
-287
-475
0
475
287
891
768
529
799
113
0
-113
-799
-529
-768
-891
-287
-475
0
475
287
891
768
529
799
113
0
-113
-799
-529
-768
-891
-287
-475
0
475
287
891
768
529
799
113
0
-113
-799
-529
-768
-891
-287
-475
0
475
287
891
768
529
799
113
0
-113
-799
-529
-768
-891
-287
-475
0
475
287
891
768
529
799
113
0
-113
-799
-529
-768
-891
-287
-475
0
475
287
891
768
529
799
113
0
-113
-799
-529
-768
-891
-287
-475
0
475
287
891
768
529
799
113
0
-113
-799
-529
-768
-891
-287
-475
0
475
287
891
768
529
799
113
0
-113
-799
-529
-768
-891
-287
-475
0
475
287
891
768
529
799
113
0
-113
-799
-529
-768
-891
-287
-475
0
475
287
891
768
529
799
113
0
-113
-799
-529
-768
-891
-287
-475
0
475
287
891
768
529
799
113
0
-113
-799
-529
-768
-891
-287
-475
0
475
287
891
768
529
799
113
0
-113
-799
-529
-768
-891
-287
-475
0
475
287
891
768
529
799
113
0
-113
-799
-529
-768
-891
-287
-475