3027
2800
2866
2974
3220
3541
4079
5081
7358
17151
-22058
-5207
-2337
-1107
-384
138
582
1026
1554
2286
3528
6404
23333
-15908
-6092
-3783
-2755
-2173
-1786
-1513
-1314
-1163
-1033
-932
-841
-757
-720
-661
-612
-573
-538
-522
-471
-453
-421
-400
-381
-368
-348
-337
-323
-312
-303
-285
-298
-218
-247
-239
-230
-221
-217
-218
-207
-204
-196
-188
-189
-170
-181
-175
-170
-171
-169
-164
-136
-143
-147
-146
-141
-139
-138
-134
-133
-128
-125
-127
-135
-136
-120
-121
-120
-119
-116
-119
-115
-110
-111
-111
-106
-115
-106
-103
-101
-103
-102
-110
-115
-96
-98
-98
-96
-92
-96
-94
-96
-95
-97
-93
-120
-93
-90
-91
-91
-89
-94
-82
-94
-92
-91
-92
-94
-82
-94
-89
-91
-91
-90
-93
-120
-93
-97
-95
-96
-94
-96
-92
-96
-98
-98
-96
-115
-110
-102
-103
-101
-103
-106
-115
-106
-111
-111
-110
-115
-119
-116
-119
-120
-121
-120
-136
-135
-127
-125
-128
-133
-134
-138
-139
-141
-146
-147
-143
-136
-164
-169
-171
-170
-175
-181
-170
-189
-188
-196
-204
-207
-218
-217
-221
-230
-239
-247
-218
-298
-285
-303
-312
-323
-337
-348
-368
-381
-400
-421
-453
-471
-522
-538
-573
-612
-661
-720
-757
-841
-932
-1033
-1163
-1314
-1513
-1786
-2173
-2755
-3783
-6092
-15908
23333
6404
3528
2286
1554
1026
582
138
-384
-1107
-2337
-5207
-22058
17151
7358
5081
4079
3541
3220
2974
2866
2800
