0
52
112
207
268
399
551
902
1627
4795
-7952
-2526
-1624
-1282
-1100
-1018
-1003
-1011
-1091
-1265
-1604
-2493
-7931
4829
1672
954
626
471
356
276
225
188
162
138
117
75
102
90
81
71
60
61
64
50
39
36
34
29
47
25
26
22
26
24
19
4
19
16
15
16
13
1
9
8
9
8
5
-7
9
14
9
2
7
-14
3
2
10
6
6
3
21
1
4
6
3
4
16
7
2
7
3
8
8
-1
-1
-2
2
0
-1
8
-2
-3
-4
-2
-2
7
-11
5
0
1
3
5
-5
4
4
-2
0
-4
0
9
-1
-4
-7
5
0
7
0
4
0
-4
0
-7
0
-5
7
4
1
-9
0
4
0
2
-4
-4
5
-5
-3
-1
0
-5
11
-7
2
2
4
3
2
-8
1
0
-2
2
1
1
-8
-8
-3
-7
-2
-7
-16
-4
-3
-6
-4
-1
-21
-3
-6
-6
-10
-2
-3
14
-7
-2
-9
-14
-9
7
-5
-8
-9
-8
-9
-1
-13
-16
-15
-16
-19
-4
-19
-24
-26
-22
-26
-25
-47
-29
-34
-36
-39
-50
-64
-61
-60
-71
-81
-90
-102
-75
-117
-138
-162
-188
-225
-276
-356
-471
-626
-954
-1672
-4829
7931
2493
1604
1265
1091
1011
1003
1018
1100
1282
1624
2526
7952
-4795
-1627
-902
-551
-399
-268
-207
-112
-52
