0
0
0
0
0
0
0
0
0
0
0
0
0
0
0
0
0
0
0
0
0
0
0
0
0
0
0
0
0
0
0
0
0
0
0
0
0
0
0
0
0
0
0
0
0
0
0
0
0
0
0
0
0
0
0
0
0
0
0
0
0
0
0
0
0
0
0
0
0
0
0
0
0
0
0
0
0
0
0
0
0
0
0
0
0
0
0
0
0
0
0
0
0
0
0
0
0
0
0
0
0
0
0
0
0
0
0
0
0
0
0
0
0
0
0
0
0
0
0
0
0
0
0
0
0
0
0
0
0
0
0
0
0
0
0
0
0
0
0
0
0
0
0
0
0
0
0
0
0
-685
-681
-650
-652
-658
-644
-638
-617
-608
-606
-608
-611
-594
-598
-1166
-1134
-1070
-1124
-1118
-1124
-1066
-1104
-1599
-1623
-1581
-1575
-1503
-1590
-2052
-2056
-2064
-2000
-1928
-2320
-2410
-2355
-2365
-2904
-2808
-2844
-3262
-3199
-3507
-3584
-3496
-3496
-3978
-3726
-3920
-4250
-4350
-4818
-4521
-4956
-5018
-5382
-5866
-5544
-6075
-6416
-6192
-6596
-6768
-7543
-7125
-7300
-7140
-8272
-8648
-8016
-9125
-9256
-9261
-9548
-10150
-10974
-11072
-10923
-11795
-12204
-12580
-13845
-13612
-13272
-13684
-14950
-15604
-15974
-16473
-16271
-16775
-17100
-18000
-18228
-19136
-19631
-20838
-22032
-23700
-22869
-24960
-22991
-24252
-24564
-26691
-25824
-28809
-26162
-30281
-29370
-30438
-30208
-31980
-33401
-35370
-33592
-38070
-37120
-39000
-39525
-39445
-40836
-41968
-48498
-47031
-47817
-52332
-51308
-49324
-49665
-50838
-52670
-53562
-52948
-58968
-59540
-62444
-67311
-62700
-64092
-67266
-70824
-75670
-70172
-73997
-83072
-76744
-70870
-89856
-84135
-86478
-73986
-86860
-87714
-85085
-85644
-94757
-90090
-92129
-106692
-108474
-101016
-100359
-116400
-99866
-109906
-129780
-112578
-122176
-132795
-129315
-126192
-122912
-127426
-134676
-137982
-144714
-149940
-132370
-154875
-157696
-148716
-156040
-161784
-167620
-179602
-158049
-158550
-176366
-171585
-177724
-195702
-192992
-191338
-189414
-199870
-210759
-208718
-214650
-199955
-195712
-204196
-193776
-211359
-220320
-237424
-232724
-213006
-212352
-257184
-251996
-253440
-233220
-243257
-244184
-269800
-261225
-230724
-236944
-216876
-270790
-267246
-284988
-246064
-261612
-277672
-284745
-284955
-306560
-302064
-269993
-302160
-271254
-306918
-290730
-295350
-278256
-332520
-309540
-288557
-316209
-315008
-349596
-351828
-298469
-340298
-227952
-285779
-364672
-260779
-314618
-264576
-357448
-316953
-303494
-300216
-300460
-293280
-289536
-266747
-361285
-292524
-272650
-342780
-283006
-387072
-350622
-346248
-354280
-358105
-336382
-275328
-299943
-377626
-292710
-304572
-266857
-292224
-207450
-311684
-281700
-317379
-334530
-366320
-223652
-294120
-375668
-433521
-281232
-334026
-255000
-272314
-289856
-312780
-377928
-253680
-218161
-224952
-393470
-271200
-327420
-290917
-391991
-249840
-195405
-202068
-372372
-232470
-353276
-269075
-276096
-306181
-272694
-372864
-274903
-340576
-82502
-147850
-219558
-166684
-268740
-305439
-312312
6021
-235404
-151250
-206176
-121520
-85218
-103666
-128247
-171248
-208216
-134882
-134992
-184230
-165942
-116831
-147624
-135344
-110754
-172256
-116869
-86072
0
-85974
12272
-42910
-128583
-146760
-67166
-134112
-36516
-66814
-36372
-24192
-78442
-60190
66033
-77818
-53721
-29750
77103
0
0
0
0
0
0
0
0
0
0
0
0
0
0
0
0
0
0
0
0
0
0
0
0
0
0
0
0
0
0
0
0
0
0
0
0
0
0
0
0
0
0
0
0
0
0
0
0
0
0
0
0
0
0
0
0
0
0
0
0
0
0
0
0
0
0
0
0
0
0
0
0
0
0
0
0
0
0
0
0
0
0
0
0
0
0
0
0
0
0
0
0
0
0
0
0
0
0
0
0
0
0
0
0
0
0
0
0
0
0
0
0
0
0
0
0
0
0
0
0
0
0
0
0
0
0
0
0
0
0
0
0
0
0
0
0
0
0
0
0
0
0
0
0
0
0
0
0
0
0
0
0
0
0
0
0
0
0
0
0
0
0
0
0
0
0
0
0
0
0
0
0
0
0
0
0
0
0
0
0
0
0
0
0
0
0
0
0
0
0
0
0
0
0
0
0
0
0
0
0
0
0
0
0
0
0
0
0
0
0
0
0
0
0
0
0
0
0
0
0
0
0
0
0
0
0
0
0
0
0
0
0
0
0
0
0
0
0
0
0
0
0
0
0
0
0
0
0
0
0
0
0
0
0
0
0
0
0
0
0
0
0
0
0
0
0
0
0
0
0
0
0
0
0
0
0
0
0
0
0
0
0
0
0
0
0
0
0
0
0
0
0
0
0
0
0
0
0
0
0
0
0
0
0
0
0
0
0
0
0
0
0
0
0
0
0
0
0
0
0
0
0
0
0
0
0
0
0
0
0
0
0
0
0
0
0
0
0
0
0
0
0
0
0
0
0
0
0
0
0
0
0
0
0
0
0
0
0
0
0
0
0
0
0
0
0
0
0
0
0
0
0
0
0
0
0
0
0
0
0
0
0
0
0
0
0
0
0
0
0
0
0
0
0
0
0
0
0
0
0
0
0
0
0
0
0
0
0
0
0
0
0
0
0
0
0
0
0
0
0
0
0
0
0
0
0
0
0
0
0
0
0
0
0
0
0
0
0
0
0
0
0
0
0
0
0
0
0
0
0
0
0
0
0
0
0
0
0
0
0
0
0
0
0
0
0
0
0
0
0
0
0
0
0
0
0
0
0
0
0
0
0
0
0
0
0
0
0
0
0
0
0
0
0
0
0
0
0
0
0
0
0
0
0
0
0
0
0
0
0
0
0
0
0
0
0
0
0
0
0
0
0
0
0
0
0
0
0
0
0
0
0
0
0
0
0
0
0
0
0
0
0
0
0
0
0
0
0
0
0
0
0
0
0
0
0
0
0
0
0
0
0
0
0
0
0
0
0
0
0
0
0
0
0
0
0
0
0
0
0
0
0
0
0
0
0
0
916
-10359
-12834
-6684
2954
10888
14640
28422
22508
14514
6794
714
-5733
-9984
-16184
-17256
-21565
-20770
-23538
-21894
-23821
-25232
-23344
-24534
-25170
-26103
-26832
-27560
-27986
-30256
-30702
-33136
-33300
-35156
-36096
-38714
-39592
-42904
-43560
-45900
-49530
-51954
-55108
-57967
-61851
-64296
-66898
-71221
-74664
-79233
-83664
-86330
-92160
-99498
-101200
-105728
-115316
-118592
-123105
-135160
-135788
-146733
-156681
-158368
-175225
-172208
-182024
-199160
-206088
-221088
-222144
-232693
-241120
-256624
-270575
-284658
-287950
-305136
-325710
-336812
-352176
-359094
-373312
-392082
-414048
-438087
-447876
-474214
-485639
-496125
-491130
-541206
-564031
-594034
-590031
-639216
-645463
-684365
-696167
-723975
-720438
-794470
-801306
-835764
-873072
-880000
-881578
-881600
-950504
-963666
-1003233
-1063348
-1065168
-1116270
-1135176
-1150726
-1303101
-1202880
-1210927
-1248509
-1301248
-1255662
-1223824
-1364675
-1435935
-1485696
-1431513
-1476062
-1415076
-1555398
-1612731
-1560240
-1632960
-1652922
-1630431
-1669176
-1651016
-1778163
-1712250
-1697980
-1610580
-1812320
-1843152
-1664322
-1847265
-1829128
-1788059
-1802185
-1874600
-1920096
-1899194
-1837712
-1891581
-1922130
-1946500
-2050835
-1934232
-1855552
-1839254
-1934725
-1988348
-1962846
-1954150
-1865332
-1859890
-1834800
-1839300
-1805454
-1838551
-1802536
-1857904
-1881288
-1940556
-1820610
-1907880
-1688592
-1712868
-1669248
-1727453
-1610234
-1731450
-1501394
-1660644
-1554474
-1541391
-1464576
-1473160
-1474904
-1497960
-1354548
-1463130
-1369600
-1372800
-1327785
-1257340
-1243530
-1214388
-1341504
-1237198
-1196943
-1240482
-1158240
-1055628
-1012935
-983784
-967380
-929990
-873425
-920322
-879818
-873750
-889137
-784740
-757768
-751470
-747738
-752940
-660380
-656642
-693368
-604412
-525160
-626886
-552735
-535056
-430110
-474498
-449460
-409904
-387045
-401880
-357812
-342814
-371892
-354308
-308721
-286917
-311400
-249498
-256686
-283044
-229158
-232024
-235365
-213490
-194128
-175851
-170014
-166866
-159210
-155216
-149400
-122450
-133104
-125664
-109998
-106904
-102648
-98600
-97900
-79713
-73950
-75958
-68355
-65312
-66417
-60473
-55300
-50490
-49138
-47759
-43450
-41181
-35235
-31692
-30388
-26532
-26508
-25488
-25080
-22630
-18995
-17280
-19152
-17228
-15840
-13260
-12635
-11659
-11786
-10395
-8307
-7788
-6572
-7410
-6678
-6468
-5040
-4914
-4758
-4428
-3993
-3840
-3472
-2834
-2880
-2332
-2360
-1980
-1870
-1632
-1680
-1430
-1212
-1199
-1070
-1053
-928
-679
-763
-432
-534
-560
-395
-376
-312
-312
-273
-258
-168
-166
-160
-156
-71
-95
-76
-70
-87
-71
-96
0
0
0
0
0
0
0
0
0
0
0
0
0
0
0
0
0
0
0
0
0
0
0
0
0
0
0
0
0
0
0
0
0
0
0
0
0
0
0
0
0
0
0
0
0
0
0
0
0
0
0
0
0
0
0
0
0
0
0
0
0
0
0
0
0
0
0
0
0
0
0
0
0
0
0
0
0
0
0
0
0
0
0
0
0
0
0
0
0
0
0
0
0
0
0
0
0
0
0
0
0
0
0
0
0
0
0
0
0
0
0
0
0
0
0
0
0
0
0
0
0
0
0
0
0
0
0
0
0
0
0
0
0
0
0
0
0
0
0
0
0
0
0
0
0
0
0
0
0
0
0
0
0
0
0
0
0
0
0
0
0
0
0
0
0
0
0
0
0
0
0
0
0
0
0
0
0
0
0
0
0
0
0
0
0
0
0
0
0
0
0
0
0
0
0
0
0
0
0
0
0
0
0
0
0
0
0
0
0
0
0
0
0
0
0
0
0
0
0
0
0
0
0
0
0
0
0
0
0
0
0
0
0
0
0
0
0
0
0
0
0
0
0
0
0
0
0
0
0
0
0
0
0
0
0
0
0
0
0
0
0
0
0
0
0
0
0
0
0
0
0
0
0
0
0
0
0
0
0
0
0
0
0
0
0
0
0
0
0
0
0
0
0
0
0
0
0
0
0
0
0
0
0
0
0
0
0
0
0
0
0
0
0
0
0
0
0
0
0
0
0
0
0
0
0
0
0
0
0
0
0
0
0
0
0
0
0
0
0
0
0
0
0
0
0
0
0
0
0
0
0
0
0
0
0
0
0
0
0
0
0
0
0
0
0
0
0
0
0
0
0
0
0
0
0
0
0
0
0
0
0
0
0
0
0
0
0
0
0
0
0
0
0
0
0
0
0
0
0
0
0
0
0
0
0
0
0
0
0
0
0
0
0
0
0
0
0
0
0
0
0
0
0
0
0
0
0
0
0
0
0
0
0
0
0
0
0
0
0
0
0
0
0
0
0
0
0
0
0
0
0
0
0
0
0
0
0
0
0
0
0
0
0
0
0
0
0
0
0
0
0
0
0
0
0
0
0
0
0
0
0
0
0
0
0
0
0
0
0
0
0
0
0
0
0
0
0
0
0
0
0
0
0
0
0
0
0
0
0
0
0
0
0
0
0
0
0
0
0
0
0
0
0
0
0
0
0
0
0
0
0
0
0
0
0
0
0
0
0
0
0
0
0
0
0
0
0
0
0
0
0
0
0
0
0
0
0
0
0
0
0
0
0
0
0
0
0
0
0
0
0
0
0
0
0
0
0
0
0
0
0
0
0
0
0
0
0
0
0
0
0
0
0
0
0
0
0
0
0
0
0
0
0
0
0
0
0
0
0
0
0
0
0
0
0
0
0
0
0
0
0
0
0
0
0
0
0
0
0
0
0
0
0
0
0
0
0
0
0
0
0
0
0
0
0
0
0
14373
4181
-20953
-68476
-8406
54999
-53280
-36892
78885
-133284
108000
-108567
52206
-81133
63056
-171152
228426
-425048
494047
-518040
143388
374311
-940329
665377
383537
-1414388
523034
1458126
-1392368
-1662995
1792656
2351684
-1495828
-3641560
-492450
4112344
4695324
382888
-4848012
-6712182
-3890088
1911238
7806696
11609520
12434625
10837602
7670649
3933726
301070
-2635269
-4988672
-6578796
-7592640
-8194700
-8499084
-8618831
-8593395
-8568754
-8468490
-8336726
-8267958
-8082087
-8049216
-7991464
-7964840
-7876060
-7794702
-7769412
-7811376
-7745580
-7702360
-7494432
-7650482
-7472990
-7506816
-7328640
-7229250
-7336790
-7263664
-7131694
-7122843
-7090692
-6898848
-6626139
-6539576
-6375476
-6307770
-6144768
-5866560
-5746560
-5710026
-5356240
-5126016
-5092064
-4782048
-4542150
-4540504
-4134990
-4058784
-3921999
-3575040
-3573775
-3162912
-3002650
-2942972
-2722296
-2613952
-2345328
-2189845
-2012530
-1901632
-1777575
-1654830
-1475500
-1378980
-1293628
-1174012
-1076306
-960669
-871872
-798102
-733856
-673933
-597564
-547170
-483890
-426384
-363265
-343382
-307450
-277066
-235053
-216936
-186550
-168251
-144925
-127575
-107214
-99640
-84645
-74530
-65016
-55000
-45790
-38512
-34222
-29202
-25069
-21780
-18252
-15642
-13048
-10968
-10020
-7616
-6118
-5244
-4420
-3312
-2744
-2550
-2175
-1752
-1233
-826
-772
-414
-419
-396
-405
0
0
0
0
0
0
0
0
0
0
0
0
0
0
0
0
0
0
0
0
0
0
0
0
0
0
0
0
0
0
0
0
0
0
0
0
0
0
0
0
0
0
0
0
0
0
0
0
0
0
0
0
0
0
0
0
0
0
0
0
0
0
0
0
0
0
0
0
0
0
0
0
0
0
0
0
0
0
0
0
0
0
0
0
0
0
0
0
0
0
0
0
0
0
0
0
0
0
0
0
0
0
0
0
0
0
0
0
0
0
0
0
0
0
0
0
0
0
0
0
0
0
0
0
0
0
0
0
0
0
0
0
0
0
0
0
0
0
0
0
0
0
0
0
0
0
0
0
0
0
0
0
0
0
0
0
0
0
0
0
0
0
0
0
0
0
0
0
0
0
0
0
0
0
0
0
0
0
0
0
0
0
0
0
0
0
0
0
0
0
0
0
0
0
0
0
0
0
0
0
0
0
0
0
0
0
0
0
0
0
0
0
0
0
0
0
0
0
0
0
0
0
0
0
0
0
0
0
0
0
0
0
0
0
0
0
0
0
0
0
0
0
0
0
0
0
0
0
0
0
0
0
0
0
0
0
0
0
0
0
0
0
0
0
0
0
0
0
0
0
0
0
0
0
0
0
0
0
0
0
0
0
0
0
0
0
0
0
0
0
0
0
0
0
0
0
0
0
0
0
0
0
0
0
0
0
0
0
0
0
0
0
0
0
0
0
0
0
0
0
0
0
0
0
0
0
0
0
0
0
0
0
0
0
0
0
0
0
0
0
0
0
0
0
0
0
0
0
0
0
0
0
0
0
0
0
0
0
0
0
0
0
0
0
0
0
0
0
0
0
0
0
0
0
0
0
0
0
0
0
0
0
0
0
0
0
0
0
0
0
0
0
0
0
0
0
0
0
0
0
0
0
0
0
0
0
0
0
0
0
0
0
0
0
0
0
0
0
0
0
0
0
0
0
0
0
0
0
0
0
0
0
0
0
0
0
0
0
0
0
0
0
0
0
0
0
0
0
0
0
0
0
0
0
0
0
0
0
0
0
0
0
0
0
0
0
0
0
0
0
0
0
0
0
0
0
0
0
0
0
0
0
0
0
0
0
0
0
0
0
0
0
0
0
0
0
0
0
0
0
0
0
0
0
0
0
0
0
0
0
0
0
0
0
0
0
0
0
0
0
0
0
0
0
0
0
0
0
0
0
0
0
0
0
0
0
0
0
0
0
0
0
0
0
0
0
0
0
0
0
0
0
0
0
0
0
0
0
0
0
0
0
0
0
0
0
0
0
0
0
0
0
0
0
0
0
0
0
0
0
0
0
0
0
0
0
0
0
0
0
0
0
0
0
0
0
0
0
0
0
0
0
0
0
0
0
0
0
0
0
0
0
0
0
0
0
0
0
0
0
0
0
0
0
0
0
0
0
0
0
0
0
0
0
0
0
0
0
0
0
0
0
0
0
0
0
0
0
0
0
0
0
0
0
0
0
0
0
0
0
0
0
0
0
0
0
0
0
0
0
0
0
0
0
0
0
0
0
0
0
0
0
0
0
0
0
0
0
0
0
0
0
0
0
0
0
0
0
0
0
0
0
0
0
0
0
0
0
0
0
0
0
0
0
0
0
0
0
0
0
0
0
0
0
0
0
0
0
0
0
0
0
0
0
0
0
0
0
0
0
0
0
0
0
0
0
0
0
0
0
0
0
0
0
0
0
0
0
0
0
0
0
0
0
0
0
0
0
0
0
0
0
0
0
0
0
0
0
0
0
0
0
0
0
0
0
0
0
0
0
0
0
0
0
0
0
0
0
0
0
0
0
0
0
0
0
0
0
0
0
0
0
0
0
0
0
0
0
0
0
0
0
0
0
0
0
0
0
0
0
0
0
0
0
0
812
890
1986
3078
5780
10208
14938
23856
37026
57660
86772
134178
210056
327540
519384
854025
1490790
2718912
4857206
6726564
2433342
-15023301
-29958250
-4442571
23191245
-26622240
-16232480
32279742
-52313970
36247500
-36587079
16098432
-23447437
16244802
-40346832
50046060
-83996024
86442288
-81591300
20047008
45994419
-100895652
61095512
30533530
-96114816
30016058
70694397
-56145192
-55865903
49586688
53087520
-27473592
-53811052
-5822300
38700760
34793232
2225880
-21909285
-23396382
-10406988
3890418
12009464
13395600
10686672
6876194
3577701
1335021
74018
-464373
-625664
-586670
-474540
-357979
-257548
-176535
-120417
-81672
-53618
-35016
-21808
-15102
-9492
-4472
-2120
-1999
0
0
0
0
0
0
0
0
0
0
0
0
0
0
0
0
0
0
0
0
0
0
0
0
0
0
0
0
0
0
0
0
0
0
0
0
0
0
0
0
0
0
0
0
0
0
0
0
0
0
0
0
0
0
0
0
0
0
0
0
0
0
0
0
0
0
0
0
0
0
0
0
0
0
0
0
0
0
0
0
0
0
0
0
0
0
0
0
0
0
0
0
0
0
0
0
0
0
0
0
0
0
0
0
0
0
0
0
0
0
0
0
0
0
0
0
0
0
0
0
0
0
0
0
0
0
0
0
0
0
0
0
0
0
0
0
0
0
0
0
0
0
0
0
0
0
0
0
0
0
0
0
0
0
0
0
0
0
0
0
0
0
0
0
0
0
0
0
0
0
0
0
0
0
0
0
0
0
0
0
0
0
0
0
0
0
0
0
0
0
0
0
0
0
0
0
0
0
0
0
0
0
0
0
0
0
0
0
0
0
0
0
0
0
0
0
0
0
0
0
0
0
0
0
0
0
0
0
0
0
0
0
0
0
0
0
0
0
0
0
0
0
0
0
0
0
0
0
0
0
0
0
0
0
0
0
0
0
0
0
0
0
0
0
0
0
0
0
0
0
0
0
0
0
0
0
0
0
0
0
0
0
0
0
0
0
0
0
0
0
0
0
0
0
0
0
0
0
0
0
0
0
0
0
0
0
0
0
0
0
0
0
0
0
0
0
0
0
0
0
0
0
0
0
0
0
0
0
0
0
0
0
0
0
0
0
0
0
0
0
0
0
0
0
0
0
0
0
0
0
0
0
0
0
0
0
0
0
0
0
0
0
0
0
0
0
0
0
0
0
0
0
0
0
0
0
0
0
0
0
0
0
0
0
0
0
0
0
0
0
0
0
0
0
0
0
0
0
0
0
0
0
0
0
0
0
0
0
0
0
0
0
0
0
0
0
0
0
0
0
0
0
0
0
0
0
0
0
0
0
0
0
0
0
0
0
0
0
0
0
0
0
0
0
0
0
0
0
0
0
0
0
0
0
0
0
0
0
0
0
0
0
0
0
0
0
0
0
0
0
0
0
0
0
0
0
0
0
0
0
0
0
0
0
0
0
0
0
0
0
0
0
0
0
0
0
0
0
0
0
0
0
0
0
0
0
0
0
0
0
0
0
0
0
0
0
0
0
0
0
0
0
0
0
0
0
0
0
0
0
0
0
0
0
0
0
0
0
0
0
0
0
0
0
0
0
0
0
0
0
0
0
0
0
0
0
0
0
0
0
0
0
0
0
0
0
0
0
0
0
0
0
0
0
0
0
0
0
0
0
0
0
0
0
0
0
0
0
0
0
0
0
0
0
0
0
0
0
0
0
0
0
0
0
0
0
0
0
0
0
0
0
0
0
0
0
0
0
0
0
0
0
0
0
0
0
0
0
0
0
0
0
0
0
0
0
0
0
0
0
0
0
0
0
0
0
0
0
0
0
0
0
0
0
0
0
0
0
0
0
0
0
0
0
0
0
0
0
0
0
0
0
0
0
0
0
0
0
0
0
0
0
0
0
0
0
0
0
0
0
0
0
0
0
0
0
0
0
0
0
0
0
0
0
0
0
0
0
0
0
0
0
0
0
0
0
0
0
0
0
0
0
0
0
0
0
0
0
0
0
0
0
0
0
0
0
0
0
0
0
0
0
0
0
0
0
0
0
0
0
0
0
0
0
0
0
0
0
0
0
0
0
0
0
0
0
0
0
0
0
0
0
0
0
0
0
0
0
0
0
0
0
0
0
0
0
0
0
0
0
0
0
0
0
0
0
0
0
0
0
0
0
0
0
0
0
0
0
0
0
0
0
0
0
0
0
0
0
0
0
0
0
0
0
0
0
0
0
0
0
0
0
0
0
0
0
0
0
0
0
0
0
0
0
0
0
0
0
0
0
0
0
0
0
0
0
0
0
0
0
0
0
0
0
0
0
0
0
0
0
0
0
0
0
0
0
0
0
0
0
0
0
0
0
0
0
0
0
0
0
0
0
0
0
0
0
0
0
0
0
0
0
0
0
0
0
0
0
0
0
0
0
0
0
0
0
0
0
0
0
