0
0
0
0
0
0
0
0
0
0
0
0
0
0
0
0
0
0
0
0
0
0
0
0
0
0
0
0
0
0
0
0
0
0
0
0
0
0
0
0
0
0
0
0
0
0
0
0
0
0
0
0
0
0
0
0
0
0
0
0
0
0
0
0
0
0
0
0
0
0
0
0
0
0
0
0
0
0
0
0
0
0
0
0
0
0
0
0
0
0
0
0
0
0
0
0
0
0
0
0
0
0
0
0
0
0
0
0
0
0
0
0
0
0
0
0
0
0
0
0
0
0
0
0
0
0
0
0
0
0
0
0
0
0
0
0
0
0
0
0
0
0
0
0
0
0
0
0
0
182
214
192
207
206
207
190
212
209
212
211
204
203
191
420
428
456
446
478
410
380
438
618
690
540
687
645
627
944
812
888
892
884
1085
1085
1095
1075
1326
1368
1344
1722
1456
1442
1800
1856
1624
2070
1899
2400
2230
2430
2563
2101
2736
3276
2899
3038
2800
3525
3920
3248
3876
4104
4275
4256
4480
4830
4620
5060
5952
6100
5564
5913
6328
7047
7781
7552
7491
7980
7920
8547
9594
9717
10164
9812
9706
10622
10829
11985
12826
12705
13167
13800
13392
14144
14740
15180
15264
17775
17248
18400
20252
19780
21894
21948
23712
23463
23278
25359
25850
25992
27848
28290
28956
31178
32640
35955
34510
33000
36580
38157
37516
39216
42303
45933
47250
42924
46662
55594
48805
53946
53586
52851
56608
60732
62400
63784
60663
68400
71442
79083
70512
73094
84736
80476
84480
89052
86536
88320
94010
105560
105754
108360
108978
126035
120276
113035
121770
128777
128135
131028
135792
140049
147246
146510
139378
154980
157221
152720
165483
177546
171363
185472
179452
204336
183976
185364
202419
216062
219625
201600
219402
222780
226305
240584
249223
247920
258965
265090
255717
258096
284868
281792
303961
284740
325105
311613
310435
318600
339234
335104
346558
350852
368754
371790
374880
387342
403248
384888
407772
438404
424160
444912
453592
458544
461700
487620
481168
487944
493086
508252
475104
513842
560235
547820
557620
581065
565200
610725
601692
587049
621946
621837
626841
636963
649770
703824
651185
748524
725678
626616
700672
690228
718821
747711
783622
759840
809172
755392
779036
816668
831040
831754
863784
864605
872056
915860
868842
801792
871624
931735
939156
946485
918020
1008458
987840
1011096
1022256
1004488
1053250
1102822
1049688
1012851
1106532
1122055
1231725
1022198
1150632
1134060
1144392
1145580
1151091
1175634
1060400
1166880
1279422
1215978
1285614
1175148
1265250
1244400
1351294
1314704
1417936
1270258
1284255
1250435
1322932
1428350
1312608
1478847
1355783
1319519
1338032
1284090
1347120
1416142
1440180
1487178
1431250
1345968
1369149
1299648
1421544
1321874
1550208
1520394
1513984
1548774
1369190
1403420
1605052
1597596
1511271
1430532
1524600
1461424
1555456
1521750
1439128
1441252
1504536
1494256
1495964
1564680
1615083
1413580
1457313
1457787
1451872
1513638
1538000
1439334
1518556
1437930
1529109
1441960
1495720
1542996
1553210
1550924
1450848
1363264
1451686
1479128
1499904
1411956
1498731
1614807
1388752
1468374
1511300
1459026
1430462
0
0
0
0
0
0
0
0
0
0
0
0
0
0
0
0
0
0
0
0
0
0
0
0
0
0
0
0
0
0
0
0
0
0
0
0
0
0
0
0
0
0
0
0
0
0
0
0
0
0
0
0
0
0
0
0
0
0
0
0
0
0
0
0
0
0
0
0
0
0
0
0
0
0
0
0
0
0
0
0
0
0
0
0
0
0
0
0
0
0
0
0
0
0
0
0
0
0
0
0
0
0
0
0
0
0
0
0
0
0
0
0
0
0
0
0
0
0
0
0
0
0
0
0
0
0
0
0
0
0
0
0
0
0
0
0
0
0
0
0
0
0
0
0
0
0
0
0
0
0
0
0
0
0
0
0
0
0
0
0
0
0
0
0
0
0
0
0
0
0
0
0
0
0
0
0
0
0
0
0
0
0
0
0
0
0
0
0
0
0
0
0
0
0
0
0
0
0
0
0
0
0
0
0
0
0
0
0
0
0
0
0
0
0
0
0
0
0
0
0
0
0
0
0
0
0
0
0
0
0
0
0
0
0
0
0
0
0
0
0
0
0
0
0
0
0
0
0
0
0
0
0
0
0
0
0
0
0
0
0
0
0
0
0
0
0
0
0
0
0
0
0
0
0
0
0
0
0
0
0
0
0
0
0
0
0
0
0
0
0
0
0
0
0
0
0
0
0
0
0
0
0
0
0
0
0
0
0
0
0
0
0
0
0
0
0
0
0
0
0
0
0
0
0
0
0
0
0
0
0
0
0
0
0
0
0
0
0
0
0
0
0
0
0
0
0
0
0
0
0
0
0
0
0
0
0
0
0
0
0
0
0
0
0
0
0
0
0
0
0
0
0
0
0
0
0
0
0
0
0
0
0
0
0
0
0
0
0
0
0
0
0
0
0
0
0
0
0
0
0
0
0
0
0
0
0
0
0
0
0
0
0
0
0
0
0
0
0
0
0
0
0
0
0
0
0
0
0
0
0
0
0
0
0
0
0
0
0
0
0
0
0
0
0
0
0
0
0
0
0
0
0
0
0
0
0
0
0
0
0
0
0
0
0
0
0
0
0
0
0
0
0
0
0
0
0
0
0
0
0
0
0
0
0
0
0
0
0
0
0
0
0
0
0
0
0
0
0
0
0
0
0
0
0
0
0
0
0
0
0
0
0
0
0
0
0
0
0
0
0
0
0
0
0
0
0
0
0
0
0
0
0
0
0
0
0
0
0
0
0
0
0
0
0
0
0
0
0
0
0
0
0
0
0
0
0
0
0
0
0
0
0
0
0
0
0
0
0
0
0
0
0
0
0
0
0
0
0
0
0
0
0
0
0
0
0
-13376
-7900
3476
12309
14456
10558
3686
-6110
-15848
-20940
-22164
-31122
-26898
-22419
-23796
-18632
-18045
-13780
-12594
-9732
-8701
-7728
-6096
-5409
-4610
-4015
-3180
-2860
-2534
-2048
-1768
-1273
-820
-484
696
312
896
1581
2376
2592
3822
4284
5336
6419
5989
5073
6510
9380
9504
9240
10790
12549
14784
15038
16610
20650
21971
21624
27115
27125
26726
32922
34209
34946
41065
41907
44896
46800
54292
57330
57096
68848
55616
74227
71890
89452
85056
96876
101970
108261
104880
123384
128326
137164
143691
146268
153062
151463
174930
187250
209304
214749
241151
216685
210330
253602
249466
290950
237780
315791
309170
313291
368632
330078
375624
392480
404209
412300
427924
448074
456015
485537
518928
527520
599256
523744
535806
604125
642872
579971
677120
639963
749280
716053
802143
790336
665253
814872
923832
837811
835233
788000
947520
1009890
855239
980856
1001148
1007775
1022784
1042048
1089510
1012200
1078440
1235784
1234884
1099532
1141647
1194410
1301508
1361424
1295404
1260304
1279764
1247400
1322475
1421142
1380762
1421024
1318822
1256083
1353514
1330641
1421750
1470392
1408638
1412796
1410130
1326456
1358929
1353440
1353440
1303376
1455417
1373120
1406450
1487424
1397020
1487808
1420484
1478542
1410150
1335886
1390716
1368170
1316244
1350156
1303180
1278624
1320424
1316160
1381845
1273300
1161600
1228852
1216284
1142430
1134756
1170144
1208314
1182750
1017474
1053360
1189818
995395
1043928
984204
917645
933800
947853
922080
892500
801321
856080
844668
883485
744444
727308
797440
714136
705120
701346
641248
616170
617610
653120
614790
591948
558420
607184
543555
479400
483636
479182
446635
427976
415002
400387
393921
366030
325518
338004
320031
290030
293301
293116
263617
265356
239428
253176
212280
198816
201690
199870
188752
160650
162281
152628
143585
141520
135850
125040
120785
114170
101871
94848
96678
88298
87850
75900
79927
70613
64625
61124
59778
54264
51574
48039
46248
43011
39600
37665
35960
31320
30366
29972
26510
25296
23560
21894
20169
19404
17324
16038
14942
13908
11872
11662
11475
10290
9555
9036
7920
7650
6916
6162
5928
5346
4820
4338
4114
4128
3290
3458
3048
2376
2380
2079
1896
1701
1757
1440
1512
1160
1180
976
980
726
744
735
488
506
474
432
232
245
244
243
233
253
245
0
0
0
0
0
0
0
0
0
0
0
0
0
0
0
0
0
0
0
0
0
0
0
0
0
0
0
0
0
0
0
0
0
0
0
0
0
0
0
0
0
0
0
0
0
0
0
0
0
0
0
0
0
0
0
0
0
0
0
0
0
0
0
0
0
0
0
0
0
0
0
0
0
0
0
0
0
0
0
0
0
0
0
0
0
0
0
0
0
0
0
0
0
0
0
0
0
0
0
0
0
0
0
0
0
0
0
0
0
0
0
0
0
0
0
0
0
0
0
0
0
0
0
0
0
0
0
0
0
0
0
0
0
0
0
0
0
0
0
0
0
0
0
0
0
0
0
0
0
0
0
0
0
0
0
0
0
0
0
0
0
0
0
0
0
0
0
0
0
0
0
0
0
0
0
0
0
0
0
0
0
0
0
0
0
0
0
0
0
0
0
0
0
0
0
0
0
0
0
0
0
0
0
0
0
0
0
0
0
0
0
0
0
0
0
0
0
0
0
0
0
0
0
0
0
0
0
0
0
0
0
0
0
0
0
0
0
0
0
0
0
0
0
0
0
0
0
0
0
0
0
0
0
0
0
0
0
0
0
0
0
0
0
0
0
0
0
0
0
0
0
0
0
0
0
0
0
0
0
0
0
0
0
0
0
0
0
0
0
0
0
0
0
0
0
0
0
0
0
0
0
0
0
0
0
0
0
0
0
0
0
0
0
0
0
0
0
0
0
0
0
0
0
0
0
0
0
0
0
0
0
0
0
0
0
0
0
0
0
0
0
0
0
0
0
0
0
0
0
0
0
0
0
0
0
0
0
0
0
0
0
0
0
0
0
0
0
0
0
0
0
0
0
0
0
0
0
0
0
0
0
0
0
0
0
0
0
0
0
0
0
0
0
0
0
0
0
0
0
0
0
0
0
0
0
0
0
0
0
0
0
0
0
0
0
0
0
0
0
0
0
0
0
0
0
0
0
0
0
0
0
0
0
0
0
0
0
0
0
0
0
0
0
0
0
0
0
0
0
0
0
0
0
0
0
0
0
0
0
0
0
0
0
0
0
0
0
0
0
0
0
0
0
0
0
0
0
0
0
0
0
0
0
0
0
0
0
0
0
0
0
0
0
0
0
0
0
0
0
0
0
0
0
0
0
0
0
0
0
0
0
0
0
0
0
0
0
0
0
0
0
0
0
0
0
0
0
0
0
0
0
0
0
0
0
0
0
0
0
0
0
0
0
0
0
0
0
0
0
0
0
0
0
0
0
0
0
0
0
0
0
0
0
0
0
0
0
0
0
0
0
0
0
0
0
0
0
0
0
0
0
0
0
0
0
0
0
0
0
0
0
0
0
0
0
0
0
0
0
0
0
0
0
0
0
0
0
0
0
0
0
0
0
0
0
0
0
0
0
0
0
0
0
0
0
0
0
0
0
0
0
0
0
0
0
0
0
0
0
0
0
0
0
0
0
0
0
16096
29393
28779
-3036
-49324
19779
53688
-80884
49750
22116
-92656
149220
-188914
235118
-268688
310118
-277464
210002
25792
-332892
685356
-658560
152589
821487
-1097173
103507
1529962
-933970
-1464584
1707325
1989657
-1702860
-2845096
915720
4346202
2651310
-2453594
-5591168
-3697200
1817948
7163838
9353032
7570086
2922998
-2673125
-7630812
-11066790
-12832956
-13123110
-12364114
-11202027
-9673074
-8198080
-6857100
-5638776
-4611503
-3819810
-3129874
-2593710
-2177034
-1822833
-1480271
-1238080
-947110
-826540
-713140
-527616
-447408
-300093
-190732
-106040
144507
61656
169120
276624
399744
408240
566146
598944
690548
788751
686588
544324
644805
861280
811536
735600
792480
852768
921844
863006
879122
1001175
970184
871956
1000450
911225
813855
910656
856311
788880
837535
769698
740600
691560
717164
677820
602802
647920
464204
550036
472290
520020
435840
437805
404996
377361
320530
330084
299706
279204
254677
225012
204218
174765
174300
160928
154812
136253
131450
101065
83790
86067
72100
71530
49500
55647
46010
39292
38940
29435
27972
24530
20995
18011
15407
13578
11395
9945
8892
7392
6888
4992
4120
3825
3248
2436
2300
1688
1680
1338
1215
932
573
456
504
223
217
200
235
0
0
0
0
0
0
0
0
0
0
0
0
0
0
0
0
0
0
0
0
0
0
0
0
0
0
0
0
0
0
0
0
0
0
0
0
0
0
0
0
0
0
0
0
0
0
0
0
0
0
0
0
0
0
0
0
0
0
0
0
0
0
0
0
0
0
0
0
0
0
0
0
0
0
0
0
0
0
0
0
0
0
0
0
0
0
0
0
0
0
0
0
0
0
0
0
0
0
0
0
0
0
0
0
0
0
0
0
0
0
0
0
0
0
0
0
0
0
0
0
0
0
0
0
0
0
0
0
0
0
0
0
0
0
0
0
0
0
0
0
0
0
0
0
0
0
0
0
0
0
0
0
0
0
0
0
0
0
0
0
0
0
0
0
0
0
0
0
0
0
0
0
0
0
0
0
0
0
0
0
0
0
0
0
0
0
0
0
0
0
0
0
0
0
0
0
0
0
0
0
0
0
0
0
0
0
0
0
0
0
0
0
0
0
0
0
0
0
0
0
0
0
0
0
0
0
0
0
0
0
0
0
0
0
0
0
0
0
0
0
0
0
0
0
0
0
0
0
0
0
0
0
0
0
0
0
0
0
0
0
0
0
0
0
0
0
0
0
0
0
0
0
0
0
0
0
0
0
0
0
0
0
0
0
0
0
0
0
0
0
0
0
0
0
0
0
0
0
0
0
0
0
0
0
0
0
0
0
0
0
0
0
0
0
0
0
0
0
0
0
0
0
0
0
0
0
0
0
0
0
0
0
0
0
0
0
0
0
0
0
0
0
0
0
0
0
0
0
0
0
0
0
0
0
0
0
0
0
0
0
0
0
0
0
0
0
0
0
0
0
0
0
0
0
0
0
0
0
0
0
0
0
0
0
0
0
0
0
0
0
0
0
0
0
0
0
0
0
0
0
0
0
0
0
0
0
0
0
0
0
0
0
0
0
0
0
0
0
0
0
0
0
0
0
0
0
0
0
0
0
0
0
0
0
0
0
0
0
0
0
0
0
0
0
0
0
0
0
0
0
0
0
0
0
0
0
0
0
0
0
0
0
0
0
0
0
0
0
0
0
0
0
0
0
0
0
0
0
0
0
0
0
0
0
0
0
0
0
0
0
0
0
0
0
0
0
0
0
0
0
0
0
0
0
0
0
0
0
0
0
0
0
0
0
0
0
0
0
0
0
0
0
0
0
0
0
0
0
0
0
0
0
0
0
0
0
0
0
0
0
0
0
0
0
0
0
0
0
0
0
0
0
0
0
0
0
0
0
0
0
0
0
0
0
0
0
0
0
0
0
0
0
0
0
0
0
0
0
0
0
0
0
0
0
0
0
0
0
0
0
0
0
0
0
0
0
0
0
0
0
0
0
0
0
0
0
0
0
0
0
0
0
0
0
0
0
0
0
0
0
0
0
0
0
0
0
0
0
0
0
0
0
0
0
0
0
0
0
0
0
0
0
0
0
0
0
0
0
0
0
0
0
0
0
0
0
0
0
0
0
0
0
0
0
0
0
0
0
0
0
0
0
0
0
0
0
0
0
0
0
0
0
0
0
0
0
0
0
0
0
0
0
0
0
0
0
0
0
0
0
0
0
0
0
0
0
0
0
0
0
0
0
0
0
0
0
0
0
0
0
0
0
0
0
0
0
0
0
0
0
0
0
0
0
0
0
0
0
0
0
0
0
0
0
0
0
0
0
0
0
0
0
0
0
0
0
0
0
0
0
0
0
0
0
0
0
0
0
0
0
0
0
0
0
0
0
0
0
0
0
0
0
0
0
0
0
0
0
0
0
0
0
0
0
0
0
0
0
0
0
0
0
0
0
0
0
0
0
0
0
0
0
0
0
0
0
0
0
0
0
0
0
0
0
0
0
0
0
0
0
0
0
0
0
0
340
341
708
1032
1960
2816
4169
5712
7788
11067
15918
20406
27412
37904
50592
74340
163048
559188
2285371
7532928
17106726
20634543
-1328250
-26067734
8340145
26826104
-35588960
20357700
8680530
-31097670
50287140
-58254208
67949102
-69220746
73106238
-60789840
41499626
4512768
-52430490
95819296
-80922240
16372532
75429672
-87346370
7033824
87801994
-45281715
-59057196
57355105
55035936
-38440800
-52255344
13531524
51385708
24951150
-18181592
-32503680
-16708500
6336748
19165113
19038552
11645474
3372690
-2297360
-4841564
-5161710
-4355226
-3226314
-2178738
-1404924
-862605
-512380
-299547
-170872
-94455
-53526
-29832
-16422
-9144
-4808
-2766
-1460
-530
-220
-181
0
0
0
0
0
0
0
0
0
0
0
0
0
0
0
0
0
0
0
0
0
0
0
0
0
0
0
0
0
0
0
0
0
0
0
0
0
0
0
0
0
0
0
0
0
0
0
0
0
0
0
0
0
0
0
0
0
0
0
0
0
0
0
0
0
0
0
0
0
0
0
0
0
0
0
0
0
0
0
0
0
0
0
0
0
0
0
0
0
0
0
0
0
0
0
0
0
0
0
0
0
0
0
0
0
0
0
0
0
0
0
0
0
0
0
0
0
0
0
0
0
0
0
0
0
0
0
0
0
0
0
0
0
0
0
0
0
0
0
0
0
0
0
0
0
0
0
0
0
0
0
0
0
0
0
0
0
0
0
0
0
0
0
0
0
0
0
0
0
0
0
0
0
0
0
0
0
0
0
0
0
0
0
0
0
0
0
0
0
0
0
0
0
0
0
0
0
0
0
0
0
0
0
0
0
0
0
0
0
0
0
0
0
0
0
0
0
0
0
0
0
0
0
0
0
0
0
0
0
0
0
0
0
0
0
0
0
0
0
0
0
0
0
0
0
0
0
0
0
0
0
0
0
0
0
0
0
0
0
0
0
0
0
0
0
0
0
0
0
0
0
0
0
0
0
0
0
0
0
0
0
0
0
0
0
0
0
0
0
0
0
0
0
0
0
0
0
0
0
0
0
0
0
0
0
0
0
0
0
0
0
0
0
0
0
0
0
0
0
0
0
0
0
0
0
0
0
0
0
0
0
0
0
0
0
0
0
0
0
0
0
0
0
0
0
0
0
0
0
0
0
0
0
0
0
0
0
0
0
0
0
0
0
0
0
0
0
0
0
0
0
0
0
0
0
0
0
0
0
0
0
0
0
0
0
0
0
0
0
0
0
0
0
0
0
0
0
0
0
0
0
0
0
0
0
0
0
0
0
0
0
0
0
0
0
0
0
0
0
0
0
0
0
0
0
0
0
0
0
0
0
0
0
0
0
0
0
0
0
0
0
0
0
0
0
0
0
0
0
0
0
0
0
0
0
0
0
0
0
0
0
0
0
0
0
0
0
0
0
0
0
0
0
0
0
0
0
0
0
0
0
0
0
0
0
0
0
0
0
0
0
0
0
0
0
0
0
0
0
0
0
0
0
0
0
0
0
0
0
0
0
0
0
0
0
0
0
0
0
0
0
0
0
0
0
0
0
0
0
0
0
0
0
0
0
0
0
0
0
0
0
0
0
0
0
0
0
0
0
0
0
0
0
0
0
0
0
0
0
0
0
0
0
0
0
0
0
0
0
0
0
0
0
0
0
0
0
0
0
0
0
0
0
0
0
0
0
0
0
0
0
0
0
0
0
0
0
0
0
0
0
0
0
0
0
0
0
0
0
0
0
0
0
0
0
0
0
0
0
0
0
0
0
0
0
0
0
0
0
0
0
0
0
0
0
0
0
0
0
0
0
0
0
0
0
0
0
0
0
0
0
0
0
0
0
0
0
0
0
0
0
0
0
0
0
0
0
0
0
0
0
0
0
0
0
0
0
0
0
0
0
0
0
0
0
0
0
0
0
0
0
0
0
0
0
0
0
0
0
0
0
0
0
0
0
0
0
0
0
0
0
0
0
0
0
0
0
0
0
0
0
0
0
0
0
0
0
0
0
0
0
0
0
0
0
0
0
0
0
0
0
0
0
0
0
0
0
0
0
0
0
0
0
0
0
0
0
0
0
0
0
0
0
0
0
0
0
0
0
0
0
0
0
0
0
0
0
0
0
0
0
0
0
0
0
0
0
0
0
0
0
0
0
0
0
0
0
0
0
0
0
0
0
0
0
0
0
0
0
0
0
0
0
0
0
0
0
0
0
0
0
0
0
0
0
0
0
0
0
0
0
0
0
0
0
0
0
0
0
0
0
0
0
0
0
0
0
0
0
0
0
0
0
0
0
0
0
0
0
0
0
0
0
0
0
0
0
0
0
0
0
0
0
0
0
0
0
0
0
0
0
0
0
0
0
0
0
0
0
0
0
0
0
0
0
0
0
0
0
0
0
0
0
0
0
0
0
0
0
0
0
0
0
0
0
0
0
0
0
0
