858
-34755
48817
-43450
31876
-22610
17019
-13729
11499
-9892
8796
-8097
7538
-7076
6591
-5872
5114
-4412
3857
-3457
3209
-3064
3015
-3158
3509
-3931
4210
-4180
3806
-3294
2958
-2827
2743
-2691
2637
-2613
2618
-2460
2064
-1564
1067
-746
642
-664
713
-726
750
-855
1051
-1228
1378
-1556
1752
-1980
2259
-2559
2757
-2725
2542
-2359
2264
-2187
2059
-1747
1262
-822
361
-212
268
-473
578
-592
604
-706
771
-649
418
-271
341
-556
845
-1074
1262
-1508
1741
-1872
1828
-1615
1337
-1118
894
-513
5
466
-698
649
-476
308
-171
125
-158
240
-257
123
159
-473
771
-956
1006
-876
686
-556
440
-196
-152
426
-597
645
-675
748
-855
858
-817
880
-1036
1278
-1343
1220
-1110
973
-591
-58
722
-1192
1179
-857
439
-18
-294
501
-532
396
-159
-36
156
-172
1
285
-471
426
-249
58
59
-165
274
-378
482
-534
514
-369
45
351
-601
559
-290
-16
154
-124
35
96
-404
1036
-1791
2250
-2238
1881
-1311
790
-564
602
-766
834
-765
697
-761
925
-990
947
-850
865
-865
935
-934
1156
-1439
1652
-1802
1875
-1884
1758
-1442
1012
-757
861
-1216
1523
-1621
1672
-1851
2106
-2192
1888
-1395
1102
-1214
1611
-2237
2870
-3226
3175
-2841
2590
-2634
2787
-2844
2864
-2949
3221
-3514
3564
-3461
3441
-3457
3375
-3213
3080
-3056
3148
-3390
3778
-4356
5042
-5702
6224
-6921
7941
-9143
10402
-11609
13150
-16031
21828
-31726
43744
-48711
33608
9291
-137146
-47963
87930
51591
-37446
-31550
10434
13042
-1075
-3176
-600
-739
-461
728
596
-498
-463
714
1263
255
-1048
-1060
-24
553
-4
-813
-305
1170
1033
-336
-500
428
225
-763
-693
-96
63
225
547
368
-188
-93
794
610
-1199
-1848
138
1625
212
-1357
-204
1565
936
-699
-660
212
34
-585
-600
-198
492
878
336
-495
-187
879
336
-1361
-1025
822
608
-889
-492
963
1030
190
-368
-600
-307
249
127
-623
-835
172
1436
1005
-787
-948
733
852
-907
-1208
91
637
119
-163
-83
335
988
452
-1147
-1315
556
1217
-707
-1658
532
2149
331
-1636
-551
1268
893
-750
-1523
-665
1011
1360
-211
-1141
-36
1153
923
-285
-1572
-984
1105
1403
-1098
-1651
1236
1971
-518
-1528
128
978
19
-900
-916
-83
1107
1048
-608
-1134
781
1710
-561
-2211
-288
1684
414
-1425
-758
1055
1479
364
-975
-1024
222
874
-205
-1203
-585
606
1345
773
-891
-1092
996
1429
-1256
-2232
409
1850
-170
-1521
310
1905
664
-1013
-950
-155
406
352
-804
-1287
748
2194
212
-1710
-248
1577
535
-1449
-1382
111
977
584
-546
-503
1008
1205
-378
-980
-454
-356
131
691
-461
-1077
1005
2036
-356
-1649
397
1264
-871
-1666
85
798
155
247
155
-355
647
1391
-942
-2578
143
2117
-140
-1905
-73
1742
1034
-219
-685
-522
227
408
-775
-1010
327
317
451
4602
2329
-15059
-13830
33107
45201
-48107
-98500
34748
142443
59418
-215611
-379244
-345777
-140762
127531
325212
363789
241066
28350
-175907
-291982
-288443
-187941
-38167
106941
204664
236779
198732
109243
-8054
-120386
-197087
-216887
-174496
-81351
35095
141698
206582
211495
153829
50991
-67110
-165483
-215569
-201713
-128590
-17205
99432
186672
219031
186011
98475
-18385
-129409
-202482
-214669
-164997
-66321
51438
153901
211235
206768
142028
34749
-82397
-175855
-217727
-194873
-114915
-152
114543
195222
218905
176498
83414
-34995
-143065
-207863
-211901
-153935
-50863
67490
165564
216050
203036
128776
17503
-99123
-187573
-218861
-186871
-97401
18820
129696
202961
215466
164184
66068
-52267
-154209
-211293
-206671
-141422
-34172
83537
176132
218085
194702
113734
-443
-115027
-194735
-217360
-176085
-81994
35360
142805
206932
211350
153006
50882
-66663
-165536
-214441
-201410
-128712
-17996
98459
185751
218770
185994
98640
-17819
-129066
-201410
-215807
-166137
-66920
51253
154566
211433
207612
142247
34800
-82453
-176316
-217424
-194961
-115174
-373
113987
194429
218855
176432
83309
-34740
-142615
-207840
-213198
-154389
-50843
67396
165749
215509
202306
128846
17663
-99385
-187083
-218510
-187041
-98573
18227
128920
201571
214622
165402
67017
-50541
-154207
-212337
-207307
-142274
-35521
82907
176011
218346
194365
114299
128
-114786
-194719
-217367
-176789
-83161
34503
141737
207592
212377
154364
51167
-66808
-165972
-215415
-202003
-129331
-18049
98515
186347
218900
186598
99162
-17536
-129036
-202053
-215323
-165811
-66763
51211
153721
212180
207358
142343
34738
-82766
-176256
-217547
-195027
-114871
-377
113836
194856
217731
176332
83627
-34168
-141404
-206215
-211303
-154279
-52966
64425
163676
217404
208901
139372
26302
-100232
-206188
-254059
-223188
-109153
57824
221536
314642
281599
120829
-108190
-302602
-360406
-239307
8878
259966
381349
300929
-200020
-168633
-119333
-64506
-16881
17143
32462
31874
20156
5225
-5692
-6873
4920
27037
56220
84514
105087
112735
104074
80598
44751
3888
-36524
-69823
-92324
-102133
-101005
-90735
-75305
-58471
-42394
-27819
-15002
-2555
10683
25565
41155
56612
69407
77263
78879
72842
61168
44286
25479
7703
-6877
-17698
-25210
-30193
-34631
-39836
-46403
-54322
-61683
-65406
-65237
-57630
-43397
-23395
-78
23040
43565
57782
65128
66016
61884
54618
47078
40474
35222
30691
25386
17333
5593
-10334
-29057
-48514
-65608
-77379
-81471
-77309
-65583
-48383
-28960
-10174
5840
17624
25706
30992
35589
40473
47175
54659
61809
65759
64924
57640
43256
23128
-149
-23435
-43455
-57410
-65089
-65718
-61875
-54458
-46932
-40130
-35337
-30665
-25087
-17435
-5674
10073
28789
48181
65459
76657
81152
76873
65213
48518
29153
10266
-5331
-17038
-24978
-30339
-34993
-40182
-46887
-54547
-61970
-66106
-65540
-57943
-43762
-23735
-196
23225
43398
57842
65219
66189
61974
54798
47261
40488
35584
30881
25472
17387
5617
-10265
-29107
-48489
-65756
-77437
-81382
-77231
-65715
-48495
-29043
-10206
5545
17439
25253
30696
35138
40366
46919
54547
61657
66032
65252
57869
43349
23162
-71
-23270
-43353
-57358
-65283
-65698
-61673
-54517
-47170
-40656
-35413
-31064
-25462
-17320
-5462
10362
29178
48450
65782
77289
81302
76889
65013
47722
28073
9308
-6706
-18405
-25715
-30275
-33161
-36497
-41132
-47442
-53632
-57666
-59394
-56018
-48285
-36069
-21047
-4867
10385
24461
37568
50750
65992
82278
100541
116901
128055
127656
111381
75972
21041
-48710
-125342
-197720
-252667
-279745
-269331
-220581
-136596
-29499
85749
192091
271181
311659
308660
261603
181253
80542
-22461
-111770
-174865
-204404
