-77950
64304
-35853
12352
-1352
-1404
1409
-930
565
-198
-225
401
-491
365
-122
-148
172
5
-250
631
-973
1322
-1661
2007
-2191
2050
-1612
1046
-620
464
-551
707
-747
713
-727
671
-444
147
79
-125
-65
433
-845
1131
-1334
1509
-1719
1940
-2089
2163
-2205
2257
-2249
2247
-2173
1947
-1558
1113
-816
630
-505
282
-52
-283
358
-293
-7
449
-841
1019
-1024
1028
-1090
1121
-1014
886
-945
1200
-1497
1709
-1766
1717
-1636
1524
-1286
920
-508
162
32
-151
338
-511
480
-185
-274
708
-972
1066
-1106
1099
-1078
1162
-1373
1606
-1741
1711
-1551
1270
-916
622
-454
353
-202
36
-14
149
-340
507
-591
653
-779
925
-962
979
-1011
1197
-1480
1896
-2150
2458
-2715
2940
-2718
2102
-1371
882
-655
638
-779
1031
-1323
1567
-1648
1582
-1428
1199
-1008
1015
-1233
1504
-1645
1641
-1607
1560
-1498
1380
-1238
1038
-767
477
-301
345
-629
995
-1164
1053
-783
509
-275
3
357
-553
296
379
-1141
1728
-1977
1849
-1509
1225
-1131
1177
-1219
1117
-976
969
-1076
1150
-1101
992
-920
843
-702
507
-569
663
-877
1099
-1370
1644
-1844
1747
-1362
902
-673
752
-861
877
-834
979
-1370
1698
-1640
1182
-634
202
-50
277
-820
1357
-1614
1555
-1380
1328
-1424
1428
-1282
1271
-1502
1782
-1935
1970
-2079
2185
-2157
1988
-1686
1350
-958
631
-308
164
-224
181
-4
-203
111
87
-279
-63
1062
-1663
-967
12545
-36832
65300
-146734
-32079
115665
54215
-60441
-42735
20917
21270
-4354
-7228
-298
651
120
1063
756
-518
-402
706
771
-426
-1407
-892
408
861
121
-539
30
1171
751
-755
-935
258
169
-753
-457
364
568
331
416
154
-370
-288
359
141
-1200
-1313
731
1890
210
-1361
-135
1521
560
-1273
-995
262
206
-435
-219
347
735
781
87
-746
-434
423
36
-1198
-728
1134
934
-700
-383
1074
821
-448
-861
-590
-130
355
214
-402
-360
604
1309
479
-1170
-1113
615
780
-913
-1083
553
1046
151
-250
-11
289
492
-97
-1246
-1030
830
1305
-559
-1307
771
2025
-81
-1966
-539
1375
620
-1137
-1282
86
1421
1193
-519
-1244
81
1151
360
-877
-1339
-363
1268
1444
-990
-1343
1131
1919
-885
-1859
185
1152
-148
-960
-426
527
1178
687
-836
-1130
626
1308
-823
-2088
103
2020
446
-1457
-465
1381
1200
-411
-1387
-903
499
934
-229
-1005
-63
1122
1126
129
-1162
-1068
802
1144
-1253
-1909
888
2187
-143
-1548
348
1745
89
-1651
-1016
305
629
276
-496
-651
955
1909
-207
-1995
-433
1410
178
-1677
-912
928
1334
428
-588
-490
773
802
-889
-1358
-189
268
322
669
-134
-760
872
1642
-757
-2003
212
1285
-755
-1486
583
1387
247
-172
133
-342
115
745
-1044
-2125
520
2506
4
-1903
191
1979
563
-1101
-1055
-424
239
459
-474
-683
820
1120
259
1635
333
-8990
-6443
23351
26276
-42571
-70297
46049
124766
-14948
-382405
-324768
-96240
180222
361732
361962
191641
-56466
-262909
-341885
-277472
-115126
71096
210342
265023
232337
133804
5949
-114452
-197058
-221857
-184444
-95470
20608
129756
201354
214092
164634
66680
-50699
-153858
-212324
-207040
-141924
-34435
83570
176690
218443
194912
113948
-664
-115041
-195706
-218833
-176356
-82473
35569
142639
206980
211543
152737
50367
-66906
-165457
-214494
-201623
-128958
-17735
98872
187080
219464
186561
99331
-17627
-129233
-203057
-215942
-165311
-66989
51390
154176
212073
207891
141480
33576
-84040
-176912
-218184
-194544
-114349
506
115559
195191
217988
176252
82918
-35010
-142269
-207529
-210916
-152495
-50268
67356
165087
214820
202357
128194
17400
-99163
-186697
-218918
-186266
-98709
17862
129177
201008
214865
165573
66829
-50653
-153087
-211674
-206701
-142135
-33945
83437
176451
218844
194878
114419
133
-114234
-194295
-218135
-176931
-83506
34121
142707
207265
212724
153546
50336
-67224
-165376
-214371
-201532
-129027
-17569
99038
187638
219296
187160
99489
-17735
-129048
-202617
-214890
-165404
-66793
51286
154126
211242
207736
141582
34046
-83388
-176940
-217997
-194930
-114316
314
115290
194907
217528
176022
82639
-34226
-141206
-207108
-210879
-153576
-50959
66834
164853
214197
202467
128742
18013
-98591
-186413
-218776
-187537
-99956
17229
128922
201831
215210
165676
67196
-50349
-154143
-212667
-207439
-142435
-34588
82717
176733
218632
195182
114933
205
-114550
-194946
-218912
-176760
-83362
34304
142503
207418
212201
153791
50882
-67454
-166140
-215494
-201645
-128999
-17840
98725
186518
218660
186709
99324
-17329
-128232
-201982
-215045
-165221
-67398
49816
152339
210652
208147
145444
39677
-79189
-178507
-229739
-214455
-133316
-1317
143871
254623
284145
206403
35546
-168068
-316561
-331685
-189810
53237
281555
374131
274122
27031
-240249
-2606
62144
103097
118650
111609
88738
59595
33157
17668
14389
24281
40490
56707
66414
64195
47951
18181
-19718
-59539
-93995
-116877
-124802
-117396
-96264
-66933
-33902
-2661
23540
42406
54442
61468
64452
66451
67786
67929
65936
60388
49986
34657
14988
-6772
-28418
-46427
-58898
-64891
-64580
-59951
-52927
-45383
-39008
-34034
-29640
-24464
-16997
-5355
10324
29086
48006
64997
76190
80522
76550
65145
48362
29114
10454
-5147
-16704
-24744
-30104
-34887
-40231
-47162
-54987
-62471
-66814
-65900
-58507
-43935
-23632
120
23835
43999
58675
66081
67065
62652
54802
47175
40068
34827
30001
24519
16443
4736
-10682
-29191
-48309
-65144
-76334
-80379
-76125
-64783
-48126
-28937
-10605
5353
16849
24813
30034
34511
40124
46756
54632
62082
66496
65754
58416
44062
23591
34
-23634
-43826
-58036
-65428
-66340
-61852
-54842
-46984
-40094
-35251
-30294
-25119
-17098
-5337
10229
28940
48111
65273
76852
80903
76746
65367
48463
29257
10636
-5081
-16645
-24701
-30168
-34938
-40344
-47219
-55004
-62357
-66662
-65856
-58470
-43982
-23620
33
23628
43907
58462
65882
66670
62375
54892
47146
40080
35129
30348
24851
16894
5101
-10263
-29009
-48278
-65136
-76600
-80596
-76833
-65371
-48004
-29250
-10560
4965
16456
24438
29840
34897
40362
47164
54892
62597
66596
65806
58276
43657
23337
-398
-23717
-44287
-58728
-65626
-66165
-61151
-53134
-44506
-36917
-31183
-26635
-22739
-16995
-8490
3250
17689
33218
47619
59037
67247
70689
70682
68010
63915
58899
52756
42728
26269
1505
-33005
-74966
-122325
-165925
-200075
-213187
-199073
-154964
-82393
10074
111664
206250
278068
314568
308310
259138
172500
62181
-53718
-157952
-234260
-272702
-270112
-229698
-162774
-81514
