67108864
67027145
66781585
66388569
65815327
65094627
64226469
63194468
61998623
60671703
59180939
57559098
55806180
53905800
51874342
49728191
47450960
45075419
42568798
39980250
37293390
34508217
31641116
28692087
25677512
22613777
19484496
16306053
13094833
9850836
6574060
3297275
4096
265146363
261869548
258592724
255348657
252137349
248958800
245829393
242765512
239750775
236801564
233934265
231148878
228461786
225872990
223366107
220990288
218712767
216566310
214534536
212633828
210880570
209258379
207767255
206439967
205243748
204211365
203342819
202621727
202048089
201654673
201408713