0
0
0
0
0
0
0
0
0
0
0
0
0
0
0
0
0
0
0
0
0
0
0
0
0
0
0
0
0
0
0
0
0
0
0
0
0
0
0
0
0
-4
-3
-3
-3
-6
-5
-8
-10
-10
-12
-14
-18
-20
-25
-22
-28
-33
-37
-41
-47
-56
-61
-70
-78
-86
-100
-102
-124
-138
-151
-173
-194
-211
-197
-233
-268
-297
-320
-350
-385
-414
-454
-481
-515
-574
-666
-732
-702
-768
-825
-883
-927
-1020
-1057
-1081
-1163
-1238
-1255
-1441
-1404
-1437
-1481
-1585
-1642
-1848
-2011
-1744
-1845
-1907
-1926
-1898
-2034
-2038
-2126
-2143
-2224
-2162
-2821
-2207
-2150
-2182
-2186
-2137
-2250
-1952
-2220
-2151
-2100
0
0
0
0
0
0
0
0
0
0
0
0
0
0
0
0
0
0
0
0
0
0
0
0
0
0
0
0
0
0
0
0
0
0
0
0
0
0
0
0
0
0
0
0
0
0
0
0
0
0
0
0
0
0
0
0
0
0
0
0
0
0
0
0
0
0
0
0
0
0
0
0
0
0
0
0
0
0
0
0
0
0
0
0
0
0
0
0
0
0
0
0
0
0
0
0
0
0
0
0
0
0
0
0
0
0
0
0
0
0
0
0
0
0
0
0
0
0
0
0
0
0
0
0
0
0
0
0
0
0
0
0
0
0
0
0
0
0
0
0
0
0
0
0
0
0
0
0
50
182
-248
-190
-147
-172
-186
-209
-248
-287
-345
-411
-495
-578
-674
-826
-960
-1118
-1302
-1504
-1782
-1942
-2236
-2463
-2750
-3045
-3383
-3648
-3991
-4279
-4577
-4878
-4985
-5610
-4375
-5233
-5293
-5275
-5196
-5184
-5238
-4956
-4819
-4524
-4200
-4048
-3457
-3461
-3117
-2793
-2566
-2294
-1994
-1468
-1357
-1213
-1039
-857
-714
-594
-478
-390
-305
-240
-194
-163
-128
-88
-68
-51
-38
-28
-20
-14
-10
-6
-5
-3
-2
-1
0
0
0
0
0
0
0
0
0
0
0
0
0
0
0
0
0
0
0
0
0
0
0
0
0
0
0
0
0
0
0
0
0
0
0
0
0
0
0
0
0
0
0
0
0
0
0
0
0
0
0
0
0
0
0
0
0
0
0
0
0
0
0
0
0
0
0
0
0
0
0
0
0
0
0
0
0
0
0
0
0
0
0
0
0
0
0
0
0
0
0
0
0
0
0
0
0
0
0
0
0
0
0
0
0
0
0
0
0
0
0
0
0
0
0
0
0
0
0
0
0
0
0
0
0
0
0
0
0
0
0
0
0
0
0
0
0
0
0
0
0
0
0
0
0
0
0
0
0
0
0
0
0
0
0
0
0
0
0
0
0
0
0
0
0
0
-40
-73
-69
-45
30
231
705
1784
4179
9867
26416
136534
-127139
-63870
-50124
-44359
-40913
-37840
-34704
-31392
-27848
-23847
-19965
-16084
-12437
-9776
-7136
-5053
-3482
-2315
-1533
-905
-548
-309
-171
-92
-46
-21
-10
-5
0
0
0
0
0
0
0
0
0
0
0
0
0
0
0
0
0
0
0
0
0
0
0
0
0
0
0
0
0
0
0
0
0
0
0
0
0
0
0
0
0
0
0
0
0
0
0
0
0
0
0
0
0
0
0
0
0
0
0
0
0
0
0
0
0
0
0
0
0
0
0
0
0
0
0
0
0
0
0
0
0
0
0
0
0
0
0
0
0
0
0
0
0
0
0
0
0
0
0
0
0
0
0
0
0
0
0
0
0
0
0
0
0
0
0
0
0
0
0
0
0
0
0
0
0
0
0
0
0
0
0
0
0
0
0
0
0
0
0
0
0
0
0
0
0
0
0
0
0
0
0
0
0
0
0
0
0
0
0
0
0
0
0
0
0
0
0
0
0
0
0
0
0
0
0
0
0
0
0
0
0
0
0
0
0
0
0
0
0
0
0
0
0
0
0
0
0
0
0
0
0
0
0
0
0
0
0
0
0
0
0
127
595
2931
19696
-61693
-30469
-24501
-17824
-8136
3296
13436
19622
21100
18877
15186
12307
17135
-3852
-380
-59
0
0
0
0
0
0
0
0
0
0
0
0
0
0
0
0
0
0
0
0
0
0
0
0
0
0
0
0
0
0
0
0
0
0
0
0
0
0
0
0
0
0
0
0
0
0
0
0
0
0
0
0
0
0
0
0
0
0
0
0
0
0
0
0
0
0
0
0
0
0
0
0
0
0
0
0
0
0
0
0
0
0
0
0
0
0
0
0
0
0
0
0
0
0
0
0
0
0
0
0
0
0
0
0
0
0
0
0
0
0
0
0
0
0
0
0
0
0
0
0
0
0
0
0
0
0
0
0
0
0
0
0
0
0
0
0
0
0
0
0
0
0
0
0
0
0
0
0
0
0
0
0
0
0
0
0
0
0
0
0
0
0
0
0
0
0
0
0
0
0
0
0
0
0
0
0
0
0
0
0
0
0
0
0
0
0
0
0
0
0
0
0
0
0
0
0
0
0
0
0
0
0
0
0
0
0
0
0
0
0
0
0
0
0
0
0
0
0
0
0
0
0
0
0
0
0
0
0
0
0
